//X;Y;Z;C2C absolute distances;Nx;Ny;Nz
388.75;188.15;45.49;0.22;0.475884;0.382320;0.792064
389.07;189.00;44.91;0.21;0.275870;0.494072;0.824493
392.59;184.01;43.99;0.21;0.254097;0.534694;0.805939
392.71;184.56;43.69;0.23;0.274879;0.529339;0.802647
390.77;193.05;41.65;0.17;0.095508;0.695003;0.712635
392.22;195.09;39.25;0.07;0.193031;0.718076;0.668660
393.64;193.62;38.78;0.09;0.701931;0.189753;0.686504
395.08;188.12;40.29;0.07;0.018185;0.678458;0.734414
395.14;188.43;40.15;0.12;-0.018159;0.657901;0.752885
397.25;192.76;35.38;0.21;0.144548;0.806193;0.573723
399.72;184.75;36.59;0.19;0.822132;0.262647;0.505090
400.13;183.66;36.41;0.13;0.833707;0.291408;0.469057
399.92;186.16;35.42;0.20;0.850126;0.251833;0.462456
403.57;185.58;30.08;0.24;0.154002;0.433222;0.888033
403.65;190.34;27.51;0.18;-0.211306;0.383265;0.899143
403.18;194.71;24.23;0.18;-0.285455;0.537791;0.793282
403.22;194.42;24.47;0.15;-0.386077;0.566794;0.727797
403.42;191.89;26.20;0.19;-0.388992;0.469695;0.792510
404.20;189.08;27.36;0.09;0.688472;0.348324;0.636142
403.49;191.34;26.52;0.20;-0.370321;0.643535;0.669869
403.41;191.65;26.49;0.12;-0.410231;0.432754;0.802767
405.24;189.71;24.40;0.17;-0.894121;-0.287130;-0.343664
405.48;185.74;27.25;0.08;0.289923;0.418777;0.860564
399.65;184.31;36.79;0.22;0.850665;0.255047;0.459695
394.09;186.42;42.00;0.09;0.126293;0.616608;0.777074
390.12;189.58;43.94;0.19;0.791951;0.032239;0.609733
389.55;190.14;44.19;0.21;0.238912;0.522524;0.818468
392.56;184.87;43.67;0.25;0.308463;0.501450;0.808331
391.74;183.33;44.87;0.21;0.215359;0.529997;0.820197
390.75;149.29;42.86;0.25;0.049328;-0.587707;0.807569
390.77;152.57;44.42;0.19;-0.286051;-0.263052;0.921400
390.82;171.17;47.90;0.07;0.489580;-0.086065;0.867700
405.40;176.71;30.70;0.22;0.403370;0.152511;0.902238
405.40;177.78;30.52;0.12;0.339556;0.181754;0.922858
405.09;183.89;28.57;0.17;0.586775;0.386253;0.711691
397.32;193.17;34.92;0.14;0.791869;0.489899;0.364613
394.22;193.76;38.15;0.14;0.845947;0.031637;0.532328
389.21;188.33;45.21;0.24;0.634000;0.233249;0.737319
392.96;185.96;42.93;0.21;0.381011;0.557616;0.737492
405.45;178.23;30.33;0.16;0.356243;0.193144;0.914214
408.52;168.95;25.30;0.21;0.610484;-0.085555;0.787394
409.60;167.41;22.80;0.13;0.740662;-0.064718;0.668753
408.73;167.46;25.02;0.18;0.509475;-0.098470;0.854833
408.74;164.95;24.75;0.08;0.621529;-0.181725;0.762022
404.85;164.79;31.85;0.18;0.351796;0.011430;0.936007
409.16;164.62;23.81;0.17;0.992313;0.005470;-0.123629
408.69;164.64;24.59;0.12;0.621569;-0.148996;0.769060
407.29;164.63;27.80;0.22;0.577865;-0.131534;0.805463
395.06;165.40;43.77;0.22;0.521173;0.305734;0.796809
392.28;165.64;46.53;0.09;-0.418574;-0.201209;0.885613
390.82;165.79;47.57;0.09;-0.483621;-0.163167;0.859934
408.91;164.87;24.51;0.21;0.684615;-0.156353;0.711939
408.49;165.08;24.90;0.20;0.599259;-0.174468;0.781313
396.07;165.60;42.81;0.23;0.225195;-0.200923;0.953371
390.86;166.07;47.73;0.15;-0.474400;-0.199039;0.857513
409.69;166.25;22.52;0.09;0.664509;-0.098283;0.740789
408.92;165.45;24.58;0.07;0.708863;-0.108031;0.697024
409.47;164.98;22.51;0.19;0.743282;-0.126611;0.656888
409.34;164.24;22.60;0.22;0.819446;-0.084671;0.566867
407.47;162.56;27.03;0.20;0.840854;-0.174742;0.512279
409.48;162.54;21.99;0.19;0.779708;-0.177828;0.600360
409.33;161.92;21.95;0.24;0.849043;-0.239317;0.471013
408.89;161.53;22.89;0.22;0.838015;-0.037399;0.544364
407.25;161.30;26.89;0.14;0.689288;-0.283072;0.666898
391.15;160.05;46.28;0.23;-0.570197;-0.469869;0.673869
408.14;160.07;24.00;0.21;0.670697;-0.220439;0.708218
409.11;159.85;21.59;0.25;0.838192;-0.181433;0.514311
407.33;159.54;26.26;0.11;0.765645;-0.249974;0.592707
391.58;158.02;45.47;0.17;0.736517;0.335075;-0.587595
405.25;157.36;29.30;0.11;0.335256;-0.419460;0.843598
408.46;156.91;22.27;0.10;0.521119;-0.284962;0.804507
408.16;156.92;22.52;0.19;0.727189;-0.213330;0.652446
405.27;155.73;28.41;0.13;0.296897;-0.388249;0.872419
390.79;152.26;44.29;0.20;-0.187106;-0.210991;0.959413
390.55;151.93;44.28;0.15;-0.135195;-0.155040;0.978614
407.43;152.40;21.67;0.09;0.845496;-0.299414;0.442140
405.07;151.82;26.36;0.18;0.160996;-0.497757;0.852243
394.45;149.07;39.26;0.18;0.359205;-0.464572;0.809410
402.43;147.88;27.77;0.24;0.618575;-0.457645;0.638691
394.95;146.95;37.78;0.08;-0.520782;0.412355;-0.747495
394.45;146.62;37.86;0.15;-0.685432;0.388136;-0.616063
394.77;146.45;37.53;0.23;-0.507076;0.510423;-0.694509
403.13;147.18;26.46;0.06;0.790933;-0.316692;0.523575
394.33;145.62;37.67;0.16;-0.847443;0.206216;-0.489199
397.30;145.00;33.70;0.08;-0.670975;0.473531;-0.570580
397.37;145.50;33.78;0.17;-0.488051;0.285346;-0.824854
404.83;150.04;25.21;0.15;-0.370305;0.549748;-0.748767
405.02;150.66;25.63;0.16;0.306507;-0.522492;0.795648
404.90;151.27;26.11;0.08;0.227663;-0.499636;0.835783
397.32;145.97;34.44;0.23;0.960515;-0.145453;0.237180
397.32;146.48;34.80;0.16;0.827412;-0.400259;0.393931
394.68;150.34;40.01;0.12;0.107658;-0.641527;0.759509
391.45;147.40;41.54;0.14;0.127351;-0.543070;0.829974
391.20;147.94;42.04;0.14;0.025912;-0.508696;0.860556
391.19;148.96;42.62;0.12;-0.177102;-0.501540;0.846813
391.08;149.25;42.66;0.15;-0.152553;-0.525791;0.836822
393.46;152.62;42.25;0.13;-0.312125;-0.700260;0.642039
390.76;148.65;42.43;0.25;0.031582;-0.525903;0.849958
391.12;148.68;42.49;0.04;-0.279389;-0.544571;0.790812
393.50;152.19;41.74;0.20;-0.444455;-0.687491;0.574296
393.59;152.36;41.97;0.11;-0.306019;-0.761043;0.571984
393.41;152.63;41.95;0.20;-0.445127;-0.691864;0.568495
390.89;148.92;42.51;0.22;-0.164150;-0.585820;0.793643
390.74;148.08;42.15;0.25;0.202364;-0.240393;0.949347
391.17;147.45;41.75;0.23;0.101169;-0.491597;0.864926
391.17;147.08;41.51;0.23;0.207607;-0.504623;0.838007
394.05;150.49;40.43;0.23;-0.004100;-0.578126;0.815937
394.40;150.46;40.33;0.15;0.104824;-0.677664;0.727862
394.49;150.09;39.97;0.04;0.143556;-0.552025;0.821377
394.60;149.71;39.63;0.08;0.151646;-0.608087;0.779252
394.39;149.43;39.52;0.17;0.336682;-0.539658;0.771631
394.80;148.89;38.95;0.10;0.121931;-0.574397;0.809445
394.15;146.76;38.43;0.14;0.854061;-0.145029;0.499545
395.06;146.45;37.36;0.06;0.379900;-0.590407;0.712107
394.87;146.20;37.21;0.20;-0.563591;0.499661;-0.657803
395.27;146.26;37.04;0.17;0.376196;-0.589757;0.714608
397.80;145.10;33.07;0.16;0.607773;-0.463782;0.644607
397.57;144.91;33.33;0.16;-0.699100;0.512228;-0.498880
397.36;146.25;34.57;0.16;0.788887;-0.388797;0.475914
394.76;146.74;37.68;0.20;-0.550532;0.402628;-0.731304
394.99;148.16;38.47;0.16;0.214069;-0.574445;0.790055
394.93;148.63;38.81;0.15;0.145089;-0.605786;0.782287
394.64;149.35;39.37;0.12;0.172963;-0.554986;0.813679
394.75;150.09;39.78;0.08;0.094411;-0.599873;0.794505
394.12;150.32;40.17;0.23;0.161508;-0.596220;0.786407
394.20;150.97;40.74;0.25;-0.032421;-0.652652;0.756964
394.08;151.35;41.09;0.07;-0.143077;-0.661166;0.736470
393.93;151.15;40.87;0.20;-0.038078;-0.624758;0.779890
393.87;151.60;41.25;0.09;-0.133379;-0.663898;0.735833
393.29;153.46;42.67;0.13;-0.207673;-0.573793;0.792234
390.94;149.79;43.09;0.15;-0.073873;-0.475296;0.876719
390.72;149.98;43.17;0.22;-0.019854;-0.438103;0.898706
392.33;156.02;44.49;0.09;-0.441945;-0.521395;0.729953
390.56;154.28;45.26;0.22;-0.298780;-0.380679;0.875108
391.49;158.96;45.92;0.10;-0.583508;-0.463128;0.667106
391.11;161.07;46.72;0.09;0.806995;0.006851;-0.590518
403.43;150.11;27.66;0.21;0.924927;-0.187238;0.330834
409.29;157.33;20.43;0.17;0.725710;-0.223175;0.650798
408.35;156.62;22.36;0.15;0.648929;-0.290015;0.703407
405.26;154.24;27.69;0.11;0.143865;-0.420201;0.895954
408.36;157.49;22.50;0.11;0.621574;-0.236417;0.746828
405.17;157.71;29.48;0.09;0.312563;-0.401866;0.860702
409.55;162.03;21.74;0.17;0.744881;-0.239930;0.622564
408.36;162.03;24.29;0.22;0.584971;-0.148113;0.797416
407.04;161.01;26.95;0.20;0.580681;-0.256507;0.772667
405.04;160.31;30.67;0.13;0.479047;-0.309417;0.821447
408.72;166.89;25.01;0.07;0.539632;-0.087315;0.837361
405.46;168.53;31.60;0.14;0.416209;0.150179;0.896781
390.61;155.09;45.60;0.10;-0.086593;-0.339711;0.936535
391.35;193.07;41.32;0.17;0.386495;0.520218;0.761574
389.30;189.11;44.71;0.22;0.487442;0.415712;0.767844
389.27;188.62;45.01;0.18;0.580681;0.256507;0.772667
391.81;182.41;45.31;0.14;0.242372;0.426033;0.871637
401.46;190.37;30.76;0.21;0.838683;0.515768;0.174913
403.60;187.33;29.05;0.24;0.231788;0.385329;0.893194
390.60;164.61;47.46;0.22;-0.383390;-0.169604;0.907880
390.92;162.56;47.15;0.08;-0.600886;-0.267941;0.753089
405.81;175.28;30.50;0.15;0.592359;0.135099;0.794266
394.58;164.61;44.16;0.20;0.696003;0.489038;0.525758
396.27;166.17;42.98;0.10;0.071485;-0.395189;0.915814
405.88;175.58;30.39;0.24;0.625859;0.165178;0.762245
396.03;166.22;43.19;0.18;0.124882;-0.355433;0.926322
391.16;161.68;46.89;0.16;-0.783201;-0.379489;0.492528
390.99;162.27;47.12;0.17;-0.640587;-0.311419;0.701902
390.85;162.12;46.86;0.23;-0.474516;-0.454813;0.753644
390.83;163.18;47.21;0.22;-0.548139;-0.265431;0.793152
390.74;163.51;47.35;0.17;-0.536522;-0.275341;0.797703
390.75;163.96;47.47;0.09;-0.564402;-0.210690;0.798160
390.77;164.92;47.68;0.14;-0.492029;-0.157155;0.856277
404.23;186.61;28.97;0.13;0.823921;0.201807;0.529555
395.91;178.44;42.58;0.07;0.531844;0.114484;0.839068
403.60;192.21;26.05;0.08;-0.408215;0.526253;0.745935
393.03;184.04;43.78;0.08;0.358107;0.489787;0.794901
400.37;180.81;36.75;0.22;0.984336;0.052921;0.168172
389.69;188.60;44.83;0.08;0.846837;0.083972;0.525181
388.70;186.78;46.17;0.21;0.750244;-0.020957;0.660829
392.22;193.09;40.48;0.13;0.652597;0.330367;0.681891
390.59;165.17;47.63;0.22;-0.385365;-0.160687;0.908666
390.05;155.70;46.01;0.24;-0.290981;-0.471483;0.832487
395.68;164.92;43.16;0.16;0.687867;0.240832;0.684719
390.37;155.60;46.02;0.11;-0.050929;-0.483142;0.874060
390.27;155.32;45.85;0.10;-0.149455;-0.537150;0.830141
391.02;156.20;45.62;0.09;0.936656;0.103476;0.334616
390.58;155.56;45.52;0.22;-0.092220;0.704094;-0.704094
396.30;165.89;42.78;0.14;0.089137;-0.275163;0.957256
390.96;157.00;45.97;0.22;0.931756;0.246683;0.266417
391.40;158.67;45.76;0.21;0.469149;0.462565;-0.752285
391.09;158.23;46.01;0.20;0.996733;0.026823;-0.076177
395.65;166.99;43.54;0.12;-0.024872;-0.396639;0.917638
391.29;159.80;46.38;0.10;-0.669946;-0.352172;0.653566
391.27;159.33;46.05;0.20;-0.647919;-0.308610;0.696392
391.48;158.33;45.58;0.21;0.526239;0.482803;-0.699981
396.30;165.30;42.84;0.10;0.227719;-0.177114;0.957484
396.24;164.34;42.68;0.16;0.558461;0.063622;0.827088
390.65;153.98;45.21;0.08;-0.192550;-0.386548;0.901945
390.50;153.75;45.06;0.15;-0.232792;-0.367489;0.900422
396.50;164.10;42.52;0.13;0.533569;-0.031711;0.845162
390.58;152.80;44.59;0.21;-0.142096;-0.505392;0.851110
407.71;185.78;22.24;0.10;0.525602;0.375895;0.763181
390.58;151.18;43.87;0.19;-0.072087;-0.527222;0.846664
390.99;150.51;43.52;0.14;-0.080544;-0.405452;0.910561
390.84;150.29;43.32;0.21;-0.121719;-0.473987;0.872079
391.08;147.71;41.87;0.09;0.071216;-0.492923;0.867154
405.55;174.04;30.94;0.21;0.515493;0.145395;0.844469
393.03;148.58;40.70;0.15;0.923404;0.014206;0.383568
393.20;148.29;40.39;0.19;0.903935;0.089703;0.418156
393.72;148.62;39.79;0.19;0.759300;-0.168902;0.628439
393.43;148.11;39.89;0.13;0.913529;0.106096;0.392694
408.52;176.81;24.21;0.23;0.498760;0.329851;0.801522
394.83;149.09;39.21;0.09;0.099536;-0.549613;0.829469
394.11;147.26;38.77;0.20;0.844489;-0.269190;0.463007
394.67;147.26;38.01;0.22;0.533549;-0.386700;0.752189
409.93;176.09;21.75;0.19;0.844010;0.129736;0.520400
394.24;146.19;38.04;0.10;-0.820113;0.205409;-0.534062
394.42;146.22;37.78;0.06;-0.690882;0.312272;-0.652050
410.09;175.49;21.49;0.14;0.867535;0.094820;0.488254
404.84;163.91;31.70;0.15;0.431608;-0.061269;0.899978
394.76;145.91;37.17;0.20;-0.641178;0.272063;-0.717546
404.57;162.69;31.71;0.22;0.457281;-0.255405;0.851858
404.94;162.66;31.54;0.19;0.442341;-0.199719;0.874326
409.72;172.41;22.46;0.19;0.841689;0.012238;0.539823
404.81;161.76;31.33;0.22;0.451931;-0.299735;0.840189
404.88;161.49;31.20;0.08;0.458183;-0.279230;0.843859
409.86;171.11;22.39;0.16;0.802864;0.040776;0.594766
409.74;170.88;22.55;0.16;0.810785;0.040609;0.583933
409.83;170.28;22.49;0.17;0.800419;0.043608;0.597853
407.45;164.04;27.47;0.10;0.763245;-0.219180;0.607798
404.97;159.26;30.24;0.18;0.535448;-0.339278;0.773425
404.82;158.99;30.28;0.22;0.692396;-0.202917;0.692396
407.53;163.44;27.09;0.17;0.898677;-0.134448;0.417496
406.92;162.33;27.49;0.24;0.565582;-0.134381;0.813670
404.98;158.52;29.93;0.11;0.368580;-0.374801;0.850690
407.23;162.46;27.24;0.16;0.673918;-0.247787;0.696014
405.25;158.57;29.75;0.18;0.437330;-0.315936;0.841978
409.66;166.60;22.59;0.16;0.688330;-0.104650;0.717809
409.43;166.16;22.80;0.22;0.754452;-0.098152;0.648975
404.91;156.63;29.07;0.21;0.310279;-0.418336;0.853652
406.81;159.70;26.97;0.15;0.638784;-0.351250;0.684528
405.16;156.52;28.89;0.13;0.334574;-0.444528;0.830937
409.63;163.65;22.19;0.23;0.685581;-0.206762;0.698017
405.26;154.52;27.86;0.24;0.173434;-0.438686;0.881745
409.73;162.65;21.72;0.24;0.635687;-0.165370;0.754025
405.17;153.25;27.18;0.13;0.201723;-0.464710;0.862179
408.11;158.29;23.42;0.22;0.801464;-0.234083;0.550328
402.96;148.84;27.84;0.16;0.732382;-0.328198;0.596576
409.54;160.44;21.34;0.17;0.642599;-0.213162;0.735954
407.95;157.42;23.19;0.19;0.798942;-0.250740;0.546645
402.24;147.11;27.46;0.22;0.614384;-0.399101;0.680625
409.53;159.83;21.11;0.14;0.585308;-0.274413;0.762963
406.47;153.97;24.95;0.14;0.078965;-0.365380;0.927503
404.77;150.95;25.95;0.15;0.327017;-0.558989;0.761965
403.55;148.84;26.57;0.18;0.985126;-0.026563;0.169770
402.82;147.49;27.23;0.13;0.613570;-0.401880;0.679723
402.38;146.79;27.13;0.16;0.599290;-0.449051;0.662725
402.11;146.35;27.13;0.22;0.622453;-0.432213;0.652491
408.49;157.25;22.31;0.08;0.511909;-0.252088;0.821219
404.73;150.37;25.66;0.15;0.387983;-0.551689;0.738314
409.30;158.34;20.74;0.14;0.706165;-0.203313;0.678229
409.07;157.91;20.97;0.20;0.865424;-0.156684;0.475910
403.42;147.62;25.93;0.19;0.980837;-0.160012;0.111153
403.32;147.40;26.21;0.16;0.878077;-0.291685;0.379342
407.32;153.57;22.57;0.13;0.751106;-0.355275;0.556435
407.08;153.18;22.61;0.23;0.821049;-0.269528;0.503223
407.59;153.58;22.03;0.18;0.831503;-0.328514;0.447974
407.28;153.04;22.20;0.13;0.819634;-0.087869;0.566109
407.10;152.70;22.41;0.16;0.798367;-0.067126;0.598418
407.45;152.81;21.96;0.11;0.847896;-0.189917;0.494980
407.24;151.98;21.78;0.23;0.793139;-0.231267;0.563424
406.87;150.43;21.32;0.23;0.822849;-0.356726;0.442341
407.40;151.89;21.34;0.11;0.856895;-0.205595;0.472718
406.83;150.65;21.54;0.16;0.850772;-0.337509;0.402833
407.64;153.30;21.64;0.09;0.809140;-0.219558;0.545056
409.14;157.64;20.80;0.17;0.823587;-0.195659;0.532374
408.93;157.21;20.80;0.17;0.885116;-0.099910;0.454519
407.81;154.54;22.14;0.08;0.850884;-0.202592;0.484719
409.51;158.94;20.82;0.15;0.554788;-0.268750;0.787390
408.36;156.20;22.12;0.13;0.587185;-0.259747;0.766646
408.08;155.59;22.28;0.14;0.789680;-0.207811;0.577252
409.33;159.46;21.12;0.22;0.691955;-0.244312;0.679345
407.90;156.04;22.76;0.17;0.808881;-0.223405;0.543876
407.64;155.49;22.81;0.21;0.807497;-0.212983;0.550079
409.30;159.81;21.33;0.20;0.764218;-0.249509;0.594741
408.19;157.07;22.85;0.21;0.807873;-0.200059;0.554363
406.28;153.04;24.43;0.08;0.201756;-0.425603;0.882132
409.28;160.49;21.64;0.23;0.767752;-0.191555;0.611443
409.12;160.12;21.77;0.21;0.789199;-0.231023;0.569029
408.42;158.37;22.78;0.13;0.658254;-0.261715;0.705838
406.46;153.70;24.83;0.21;0.225335;-0.387340;0.893975
409.28;160.83;21.75;0.21;0.818340;-0.156513;0.553013
409.17;160.51;22.06;0.20;0.920643;-0.185260;0.343650
408.93;159.82;22.76;0.13;0.839162;-0.063466;0.540166
408.67;159.27;22.78;0.19;0.710095;-0.159657;0.685766
406.38;154.38;24.93;0.19;0.064402;-0.343038;0.937111
410.29;164.33;20.54;0.08;0.911447;0.124225;-0.392215
410.33;164.55;20.78;0.14;0.908232;-0.022409;0.417866
407.98;158.66;23.92;0.23;0.735342;-0.236752;0.634997
408.90;161.06;22.95;0.10;0.828486;-0.001356;0.560008
403.06;147.40;26.77;0.14;0.770025;-0.353534;0.531107
406.64;155.64;25.33;0.12;0.318149;-0.274166;0.907532
409.64;163.14;21.97;0.14;0.670604;-0.129939;0.730346
406.89;156.24;25.46;0.16;0.399977;-0.209512;0.892257
409.74;163.43;21.96;0.16;0.625945;-0.185182;0.757562
408.30;159.79;23.79;0.18;0.742364;-0.155730;0.651647
406.47;155.35;25.48;0.13;0.484057;-0.253554;0.837496
410.32;164.84;20.86;0.12;0.908886;-0.055206;0.413375
408.11;159.18;23.80;0.21;0.675400;-0.248332;0.694381
408.51;159.88;23.45;0.14;0.915014;-0.126737;0.382997
402.84;146.41;26.33;0.17;0.633073;-0.410417;0.656335
409.14;161.33;22.47;0.18;0.949684;-0.095888;0.298172
406.78;155.37;25.23;0.05;0.363568;-0.242869;0.899351
406.58;154.88;25.18;0.04;0.192512;-0.289461;0.937631
409.10;161.08;22.69;0.15;0.944564;-0.060898;0.322629
408.27;159.02;23.37;0.23;0.813162;-0.317370;0.487897
408.52;159.58;23.31;0.07;0.885998;-0.160434;0.435050
403.55;147.88;25.61;0.22;0.907375;-0.418275;-0.041427
408.65;159.95;22.93;0.20;0.838365;-0.040319;0.543616
408.61;160.05;23.23;0.13;0.902134;-0.047056;0.428883
409.24;161.74;22.57;0.15;0.905994;-0.133856;0.401568
403.70;148.57;26.23;0.10;0.996024;-0.040276;-0.079464
406.79;155.90;25.44;0.23;0.342114;-0.259889;0.903004
408.41;160.06;23.71;0.21;0.826160;-0.179077;0.534220
410.32;165.18;20.89;0.07;0.873386;-0.091713;0.478316
408.46;160.42;23.72;0.10;0.904705;-0.235311;0.355159
410.35;165.50;20.83;0.19;0.860518;-0.074400;0.503958
408.48;160.67;23.41;0.24;0.972496;-0.148735;0.179244
403.11;147.71;26.98;0.08;0.744492;-0.348727;0.569317
402.88;147.21;26.94;0.14;0.680133;-0.395503;0.617249
408.91;161.81;23.09;0.16;0.890715;-0.087543;0.446052
403.21;148.04;26.99;0.11;0.834186;-0.287382;0.470686
410.39;165.82;20.93;0.08;0.888128;-0.084782;0.451708
409.03;162.29;22.79;0.24;0.884896;-0.082219;0.458474
407.04;157.10;25.57;0.21;0.641646;-0.179171;0.745780
403.30;148.33;27.03;0.06;0.899245;-0.119618;0.420773
406.88;156.84;25.66;0.12;0.457835;-0.328823;0.825992
407.07;157.41;25.64;0.14;0.652010;-0.216299;0.726703
402.43;146.62;26.88;0.15;0.613055;-0.449351;0.649805
410.35;166.16;20.94;0.11;0.887198;-0.182101;0.423932
409.80;164.64;22.07;0.16;0.570095;-0.147361;0.808255
409.86;164.93;22.16;0.17;0.570316;-0.154180;0.806826
409.23;163.36;22.72;0.22;0.878012;-0.106383;0.466666
407.08;157.72;25.74;0.14;0.700320;-0.240784;0.671993
406.88;157.41;25.88;0.18;0.516782;-0.266978;0.813424
409.62;164.77;22.32;0.22;0.678909;-0.107975;0.726240
407.16;158.25;25.89;0.10;0.755431;-0.253913;0.604030
409.65;165.13;22.31;0.13;0.644606;-0.159256;0.747743
407.19;158.54;26.04;0.18;0.704880;-0.241268;0.667034
402.61;147.69;27.43;0.13;0.562083;-0.400546;0.723620
409.30;164.51;22.79;0.25;0.838365;-0.040319;0.543616
409.50;165.35;22.57;0.20;0.714418;-0.146508;0.684210
408.75;163.16;24.36;0.13;0.636440;-0.148954;0.756807
407.07;158.82;26.19;0.11;0.595143;-0.222208;0.772288
406.94;158.51;26.24;0.18;0.528932;-0.263686;0.806660
409.59;165.97;22.57;0.21;0.683948;-0.083124;0.724780
408.71;163.46;24.39;0.07;0.641129;-0.212675;0.737376
410.04;167.55;22.15;0.23;0.755705;-0.041117;0.653621
407.28;160.06;26.38;0.11;0.751201;-0.216184;0.623668
406.85;159.07;26.42;0.23;0.500563;-0.231147;0.834271
409.70;167.14;22.70;0.21;0.718460;-0.064791;0.692544
409.57;166.82;22.79;0.15;0.738825;-0.079834;0.669152
407.26;160.47;26.58;0.10;0.725995;-0.175767;0.664859
407.14;160.16;26.65;0.16;0.619203;-0.247366;0.745250
410.25;170.52;21.76;0.11;0.842770;0.045969;0.536308
410.15;170.20;22.05;0.17;0.801967;0.076036;0.592509
406.92;161.30;27.08;0.23;0.586212;-0.278014;0.760963
405.23;156.82;28.93;0.19;0.289528;-0.415143;0.862456
410.15;170.94;21.92;0.08;0.821112;0.040566;0.569323
409.54;169.22;22.98;0.17;0.754181;-0.023787;0.656236
406.78;161.53;27.44;0.23;0.557554;-0.227037;0.798491
407.37;163.63;27.45;0.15;0.648384;-0.261573;0.714967
410.05;173.03;21.99;0.23;0.843735;0.009511;0.536675
409.74;172.13;22.58;0.16;0.843320;0.004061;0.537396
407.35;165.01;27.82;0.11;0.613758;-0.168215;0.771365
405.26;159.42;30.13;0.17;0.454158;-0.328440;0.828171
409.74;173.04;22.45;0.16;0.857729;0.001342;0.514100
408.83;170.16;25.01;0.08;0.565033;0.012313;0.824976
407.08;165.15;27.96;0.25;0.538569;-0.209020;0.816244
410.05;175.79;21.49;0.10;0.869694;0.103908;0.482531
407.08;166.76;28.28;0.15;0.581263;-0.119196;0.804939
406.95;166.45;28.27;0.20;0.562931;-0.176576;0.807421
407.15;167.74;28.55;0.08;0.718884;-0.248054;0.649365
407.01;167.43;28.51;0.08;0.742135;-0.209161;0.636779
404.80;162.92;31.75;0.14;0.442308;-0.212963;0.871212
404.73;165.20;31.96;0.23;0.325650;-0.069315;0.942946
405.15;167.02;31.97;0.06;0.419950;0.077971;0.904192
405.46;173.76;30.93;0.24;0.499545;0.145029;0.854061
405.63;175.56;30.59;0.20;0.529236;0.152693;0.834622
405.79;176.36;30.38;0.08;0.591658;0.106645;0.799104
405.60;175.86;30.52;0.22;0.534800;0.152588;0.831087
405.57;177.51;30.29;0.20;0.489798;0.157382;0.857513
405.56;177.82;30.21;0.24;0.457726;0.168174;0.873043
405.55;178.42;30.10;0.11;0.445754;0.226629;0.865993
407.23;186.94;21.95;0.25;0.617039;0.361713;0.698875
394.24;150.72;40.50;0.11;0.009698;-0.635920;0.771694
406.94;189.03;21.15;0.23;0.815686;0.286508;0.502563
405.15;186.97;26.92;0.13;0.474619;0.305448;0.825493
392.46;151.11;42.49;0.19;0.977133;0.207926;0.044470
392.21;151.97;42.84;0.13;0.967524;0.245305;0.061015
396.21;164.68;42.77;0.19;0.498575;0.009407;0.866795
396.90;167.83;42.49;0.07;0.614738;0.434815;0.658053
395.82;165.29;43.08;0.19;0.504968;0.110776;0.856000
395.45;164.77;43.40;0.17;0.666205;0.293773;0.685469
395.87;167.17;43.41;0.07;0.127209;-0.295928;0.946702
395.07;164.83;43.73;0.17;0.677595;0.341247;0.651471
394.86;165.41;44.18;0.08;0.544707;0.454756;0.704621
395.42;168.39;43.95;0.14;0.473616;0.131000;0.870935
395.04;168.73;44.08;0.14;0.478641;0.146939;0.865628
390.97;156.71;45.82;0.18;0.977705;0.122990;0.170198
399.53;186.16;35.87;0.19;0.899874;0.220945;0.376045
392.10;162.13;46.20;0.10;0.712958;0.130036;0.689044
392.09;162.94;46.16;0.12;0.507186;-0.054192;0.860131
390.89;182.00;46.00;0.24;0.414342;0.443362;0.794827
393.25;192.31;39.89;0.19;0.774730;0.035151;0.631314
393.98;193.97;38.25;0.12;0.725193;0.227112;0.650011
395.44;179.00;42.79;0.17;0.869903;-0.134164;0.474624
395.76;179.54;42.37;0.15;0.768450;-0.198657;0.608292
396.22;179.88;41.95;0.09;0.578744;0.081857;0.811391
396.10;179.40;42.06;0.16;0.509147;0.042774;0.859616
396.34;179.59;42.00;0.16;0.407664;0.155914;0.899723
396.13;178.79;42.13;0.21;0.246960;0.149233;0.957466
395.38;169.06;43.69;0.23;0.680107;0.337607;0.650750
395.58;168.79;43.77;0.13;0.656816;0.370385;0.656816
394.61;165.07;44.15;0.20;0.675974;0.455657;0.579168
392.04;152.57;43.46;0.18;0.972756;0.207103;0.104179
400.08;183.86;36.11;0.24;0.852258;0.245462;0.461957
393.84;151.95;41.55;0.10;-0.293555;-0.646462;0.704211
404.36;191.87;24.59;0.05;0.397316;0.528120;0.750486
403.80;187.70;28.84;0.13;0.294195;0.394801;0.870391
404.02;187.54;28.71;0.17;0.457939;0.368585;0.808973
404.21;187.00;28.71;0.09;0.773881;0.155380;0.613976
404.18;186.00;29.19;0.22;0.890401;0.172289;0.421311
404.23;186.17;28.85;0.13;0.906469;0.154625;0.392945
404.04;184.91;29.80;0.18;0.756146;0.120330;0.643244
404.42;186.82;28.50;0.20;0.876011;0.082695;0.475148
404.21;185.71;29.11;0.14;0.925355;0.087807;0.368791
404.34;185.38;29.11;0.20;0.929721;0.104205;0.353213
404.23;184.75;29.51;0.24;0.883966;0.111733;0.454005
406.17;190.20;22.34;0.17;0.613416;0.282012;0.737692
405.27;183.63;28.47;0.11;0.489612;0.430662;0.758162
405.18;183.12;28.81;0.24;0.375392;0.344496;0.860467
405.11;182.80;28.84;0.25;0.337917;0.270039;0.901605
406.34;188.62;22.84;0.13;0.848145;0.219218;0.482279
405.50;182.31;28.94;0.19;0.477494;0.302152;0.825047
405.45;179.38;29.79;0.15;0.513034;0.280835;0.811127
405.63;179.03;29.72;0.22;0.522327;0.295091;0.800060
405.60;176.16;30.55;0.25;0.494145;0.131869;0.859320
405.43;175.30;30.74;0.23;0.480963;0.119164;0.868605
407.38;185.41;22.85;0.18;0.660486;0.311672;0.683095
405.84;174.93;30.54;0.16;0.593042;0.106894;0.798044
405.57;173.46;30.96;0.15;0.476671;0.162802;0.863875
405.87;173.88;30.64;0.10;0.576832;0.157318;0.801571
405.80;173.52;30.77;0.18;0.570864;0.180193;0.801027
405.73;173.10;30.93;0.10;0.531783;0.139943;0.835238
405.18;170.19;31.57;0.24;0.389502;0.117821;0.913459
407.89;184.94;22.42;0.06;0.736317;0.258107;0.625474
408.23;185.26;21.27;0.07;0.962382;0.082854;0.258760
408.08;182.39;22.99;0.18;0.893362;0.129246;0.430348
408.01;181.88;23.36;0.21;0.882434;0.115100;0.456138
408.23;183.52;22.38;0.14;0.952184;0.076226;0.295862
408.21;183.32;22.60;0.16;0.927815;0.107317;0.357270
407.93;181.18;23.90;0.20;0.803650;0.193669;0.562707
408.30;184.91;21.30;0.13;0.974759;0.098347;0.200429
408.10;183.05;22.89;0.15;0.843498;0.117596;0.524101
408.15;184.06;22.40;0.09;0.884565;0.154402;0.440118
407.91;182.25;23.42;0.24;0.786498;0.241401;0.568459
407.93;182.93;23.16;0.20;0.747443;0.188779;0.636938
408.05;186.04;21.21;0.14;0.864565;0.116136;0.488917
408.05;185.75;21.31;0.15;0.925929;0.145761;0.348438
404.68;160.98;31.16;0.23;0.641328;-0.254948;0.723671
408.34;184.71;21.57;0.16;0.981538;0.105816;0.159333
408.26;183.82;22.25;0.19;0.960741;0.088506;0.262953
408.51;182.96;22.09;0.15;0.888423;0.151190;0.433412
408.72;181.36;22.53;0.19;0.562573;0.327227;0.759232
408.82;181.03;22.54;0.14;0.326392;0.347646;0.878982
408.78;180.72;22.65;0.10;0.340781;0.349950;0.872584
408.80;179.66;23.16;0.19;0.426137;0.332480;0.841347
408.69;176.95;23.93;0.24;0.299363;0.305262;0.903989
409.52;181.83;20.31;0.09;0.891496;0.244754;0.381222
408.75;174.76;24.63;0.21;0.547652;0.146931;0.823704
408.73;173.93;24.63;0.23;0.515025;0.065957;0.854634
409.58;180.79;20.72;0.15;0.856277;0.157155;0.492029
409.59;180.21;20.97;0.09;0.864896;0.147309;0.479849
407.19;161.89;27.09;0.20;0.665064;-0.195970;0.720615
408.75;172.12;25.24;0.16;0.619517;0.116806;0.776244
408.50;170.53;25.33;0.23;0.697613;0.049931;0.714733
407.06;160.71;26.83;0.21;0.619222;-0.195139;0.760582
409.66;179.78;21.05;0.24;0.874811;0.152330;0.459892
409.54;178.53;21.35;0.19;0.843747;0.223479;0.488005
407.38;161.72;26.89;0.13;0.749746;-0.226015;0.621931
408.97;172.56;24.72;0.15;0.414995;0.137387;0.899391
408.52;169.26;25.34;0.24;0.637854;-0.049721;0.768550
407.41;161.02;26.48;0.16;0.891119;-0.108398;0.440632
408.98;173.14;24.63;0.13;0.375307;0.147593;0.915074
407.39;160.71;26.44;0.21;0.829821;-0.137075;0.540932
406.78;156.61;25.95;0.19;0.553309;-0.301370;0.776547
408.96;172.25;24.73;0.14;0.423086;0.119476;0.898178
408.61;167.70;25.26;0.13;0.570146;-0.084732;0.817162
409.74;177.61;21.68;0.15;0.851992;0.086764;0.516316
409.61;176.27;22.08;0.15;0.852345;0.129231;0.506761
409.65;175.12;22.29;0.18;0.867486;0.048270;0.495115
409.59;174.57;22.35;0.20;0.864589;0.086036;0.495059
409.93;176.73;21.57;0.18;0.859998;0.141150;0.490388
409.82;175.45;21.97;0.07;0.831724;0.087324;0.548279
409.71;174.23;22.32;0.19;0.857732;0.083371;0.507291
408.60;162.90;24.31;0.19;0.641667;-0.133120;0.755343
408.07;155.37;22.06;0.05;0.744530;-0.233547;0.625405
409.88;169.63;22.60;0.22;0.790988;0.125671;0.598786
410.01;168.73;22.35;0.13;0.793899;0.023636;0.607590
410.07;169.24;22.15;0.07;0.798539;0.070249;0.597829
409.88;166.09;22.34;0.10;0.644538;-0.079662;0.760410
409.74;163.99;22.14;0.14;0.648440;-0.155686;0.745176
410.01;176.26;21.50;0.09;0.874990;0.127872;0.466949
409.63;176.62;21.95;0.12;0.848518;0.117087;0.516050
408.86;164.35;24.43;0.17;0.690241;-0.133257;0.711203
408.90;169.47;25.02;0.10;0.573212;0.023481;0.819071
408.85;168.66;24.99;0.06;0.543937;-0.028918;0.838627
408.11;157.44;22.80;0.25;0.776029;-0.242021;0.582412
407.89;154.26;21.99;0.15;0.846065;-0.246323;0.472756
408.92;176.18;24.17;0.10;0.405927;0.149552;0.901586
408.12;156.51;22.62;0.17;0.816300;-0.219007;0.534500
408.00;154.81;21.88;0.09;0.756260;-0.229217;0.612805
408.88;165.98;24.70;0.14;0.687469;-0.130305;0.714428
409.78;177.39;21.46;0.18;0.853050;0.095736;0.512973
409.73;171.40;22.48;0.19;0.827824;0.020661;0.560607
409.70;170.57;22.55;0.20;0.812938;0.032071;0.581467
409.96;169.05;22.38;0.10;0.783552;0.043766;0.619783
409.64;161.42;21.56;0.10;0.636004;-0.162416;0.754401
410.27;173.77;21.36;0.06;0.787400;0.070278;0.612423
410.25;173.10;21.46;0.12;0.815920;0.055149;0.575528
393.44;171.79;45.58;0.14;-0.321291;0.605448;0.728152
408.70;178.50;23.42;0.18;0.399926;0.284358;0.871321
409.55;179.11;21.11;0.19;0.844770;0.102178;0.525283
408.78;181.34;21.95;0.19;0.211432;0.319277;0.923774
405.26;182.50;28.97;0.12;0.410786;0.285565;0.865857
400.33;182.51;36.25;0.21;0.959610;0.102031;0.262181
405.19;188.67;25.81;0.07;0.295033;0.440233;0.848027
403.83;188.87;28.07;0.14;0.281655;0.412587;0.866281
388.16;186.56;46.71;0.20;0.673903;0.095433;0.732631
404.44;189.13;26.34;0.24;0.945357;0.187430;0.266779
403.86;189.44;27.67;0.15;0.234279;0.503775;0.831459
389.57;187.92;45.15;0.15;0.852408;0.009456;0.522792
407.03;189.29;20.71;0.16;0.811014;0.294485;0.505506
404.82;190.26;25.21;0.19;0.371559;0.415830;0.830078
389.75;190.40;43.79;0.25;0.419455;0.455084;0.785466
390.57;191.43;42.71;0.12;0.581422;0.356670;0.731256
406.82;189.33;21.04;0.16;0.880283;0.205646;0.427566
403.26;193.41;25.05;0.24;-0.309618;0.585548;0.749180
397.72;194.88;32.99;0.19;0.202899;0.701629;0.683043
390.47;191.18;42.96;0.11;0.595488;0.350767;0.722743
394.99;188.98;39.60;0.22;0.001384;0.695951;0.718088
399.11;194.83;31.21;0.14;0.987164;0.091032;0.131228
407.27;189.30;20.46;0.20;0.707098;0.347834;0.615649
408.77;183.72;20.90;0.12;0.124936;0.405690;0.905432
407.08;188.82;20.94;0.24;0.759792;0.358026;0.542709
407.29;188.04;21.20;0.22;0.623097;0.376488;0.685571
407.95;185.98;21.51;0.09;0.887840;0.242408;0.391125
407.51;186.93;21.79;0.15;0.526882;0.389860;0.755252
407.70;185.47;22.31;0.18;0.494163;0.362171;0.790339
406.64;188.90;22.41;0.10;0.911615;0.160206;0.378540
405.79;191.07;22.31;0.01;0.468877;0.413715;0.780381
407.70;184.46;22.86;0.21;0.619203;0.247366;0.745250
406.09;189.58;22.99;0.20;0.645603;0.258559;0.718571
409.64;168.74;22.92;0.11;0.730326;0.009738;0.683029
409.48;169.80;23.10;0.18;0.820501;0.069679;0.567383
408.88;175.47;24.29;0.14;0.444373;0.203609;0.872397
404.50;189.36;26.54;0.15;0.990945;0.028056;-0.131303
405.47;185.13;27.51;0.14;0.392526;0.437386;0.809084
403.99;187.74;28.48;0.20;0.578500;0.309281;0.754774
403.98;186.00;29.52;0.23;0.639226;0.330185;0.694528
399.13;192.08;33.11;0.15;0.958069;0.116011;0.262003
399.25;191.03;33.79;0.18;0.960937;0.262306;0.088289
399.42;188.52;34.97;0.11;0.963176;0.122821;0.239178
399.48;187.42;35.58;0.09;0.956630;0.132902;0.259224
400.37;181.97;36.49;0.13;0.964132;0.077080;0.253985
400.16;183.10;36.64;0.12;0.889509;0.266704;0.371001
399.50;183.91;37.19;0.08;0.819334;0.273111;0.504085
391.20;181.42;46.14;0.15;0.350593;0.452122;0.820165
388.02;187.24;46.42;0.23;0.232545;0.478768;0.846584
393.42;184.46;43.35;0.15;0.247819;0.500256;0.829656
391.66;192.43;41.35;0.14;0.759955;0.175140;0.625935
400.15;184.53;35.84;0.18;0.859824;0.254143;0.442847
399.53;188.53;34.59;0.25;0.976722;0.105224;0.186927
407.55;161.69;26.36;0.14;0.966626;-0.100611;0.235607
405.36;182.92;28.97;0.08;0.406013;0.301828;0.862585
405.27;185.40;27.48;0.13;0.462612;0.413916;0.784005
404.60;187.40;27.47;0.17;0.999793;0.011053;0.017082
408.54;179.81;23.43;0.15;0.724162;0.203137;0.659034
405.69;191.34;22.07;0.20;0.690016;0.408715;0.597352
405.61;191.66;22.09;0.18;0.917618;0.341074;0.204074
408.52;183.72;21.37;0.21;0.534565;0.162305;0.829395
406.82;156.53;25.55;0.15;0.438478;-0.270420;0.857094
407.30;158.03;25.67;0.12;0.852529;-0.186631;0.488226
408.90;168.35;24.98;0.20;0.559212;-0.031915;0.828410
408.55;163.98;24.61;0.20;0.624074;-0.132560;0.770039
408.70;162.29;24.11;0.15;0.742642;-0.136526;0.655625
408.95;163.56;24.09;0.14;0.861105;-0.175766;0.477079
409.61;172.91;22.76;0.19;0.853912;0.001345;0.520416
408.68;161.26;23.35;0.22;0.979228;-0.119478;0.163821
409.79;169.95;22.59;0.15;0.798223;0.091267;0.595408
408.31;157.68;22.80;0.15;0.746336;-0.240399;0.620637
408.92;160.15;22.86;0.15;0.770696;-0.123252;0.625169
409.07;159.77;22.18;0.15;0.994554;-0.014130;0.103260
409.29;157.86;20.63;0.13;0.729019;-0.199668;0.654724
409.29;159.04;21.05;0.13;0.710647;-0.233745;0.663584
409.68;160.74;21.28;0.14;0.586398;-0.231759;0.776160
409.12;159.23;21.38;0.24;0.881545;-0.142370;0.450120
409.51;161.06;21.60;0.11;0.711770;-0.206243;0.671452
409.70;162.31;21.68;0.13;0.668012;-0.261810;0.696574
409.27;161.12;21.89;0.21;0.852481;-0.132608;0.505660
409.90;165.33;22.17;0.12;0.612430;-0.132619;0.779321
409.92;165.66;22.16;0.20;0.658512;-0.110985;0.744341
410.14;169.87;22.07;0.10;0.795668;0.097458;0.597842
410.14;171.29;21.97;0.05;0.811913;0.034936;0.582732
410.13;171.63;21.95;0.11;0.795769;0.040845;0.604221
410.11;172.11;21.89;0.15;0.810408;0.076021;0.580912
410.10;172.72;21.84;0.14;0.822562;0.023502;0.568190
407.70;153.01;21.54;0.24;0.840318;-0.203668;0.502380
408.03;154.40;21.74;0.13;0.758022;-0.270609;0.593441
408.27;155.52;21.88;0.23;0.621488;-0.268623;0.735931
409.34;162.87;22.33;0.19;0.831764;-0.108870;0.544348
409.54;164.45;22.40;0.22;0.757379;-0.091936;0.646472
409.70;165.71;22.46;0.14;0.656035;-0.104671;0.747437
409.81;167.44;22.44;0.16;0.739499;-0.055784;0.670842
409.87;169.79;22.33;0.10;0.786715;0.106946;0.607982
409.90;172.49;22.17;0.12;0.845969;0.048779;0.530996
409.93;173.30;22.15;0.03;0.863808;0.006717;0.503776
409.83;176.38;21.85;0.14;0.834400;0.127133;0.536296
407.77;153.95;22.04;0.18;0.848425;-0.281782;0.448079
408.93;160.83;22.60;0.23;0.942302;-0.053142;0.330519
409.73;172.72;22.50;0.18;0.853586;0.012175;0.520809
407.53;153.70;22.34;0.04;0.837021;-0.343917;0.425578
407.71;154.42;22.44;0.11;0.853647;-0.205535;0.478583
407.90;155.48;22.54;0.16;0.815417;-0.205759;0.541071
408.80;182.90;21.46;0.14;0.139201;0.443434;0.885432
407.48;154.23;22.74;0.13;0.776029;-0.242021;0.582412
408.42;158.78;23.25;0.10;0.807047;-0.307973;0.503812
408.50;159.24;23.29;0.15;0.864775;-0.269007;0.424028
408.77;160.55;23.44;0.17;0.948308;-0.138155;0.285700
408.80;182.04;21.99;0.22;0.364162;0.420914;0.830793
407.45;155.35;23.10;0.25;0.800432;-0.186818;0.569568
407.63;156.21;23.21;0.23;0.830309;-0.165466;0.532173
408.43;161.14;24.03;0.14;0.658802;-0.223773;0.718266
408.69;162.65;24.16;0.14;0.735570;-0.152551;0.660049
408.92;164.10;24.25;0.16;0.733611;-0.172345;0.657352
408.98;164.63;24.27;0.06;0.768381;-0.116960;0.629214
409.15;167.17;24.24;0.14;0.982899;-0.090451;-0.160399
408.45;162.65;24.40;0.21;0.581344;-0.150940;0.799535
408.80;165.16;24.54;0.24;0.681980;-0.152727;0.715247
408.95;166.28;24.58;0.09;0.735004;-0.142792;0.662857
408.98;166.68;24.59;0.18;0.738415;-0.152515;0.656873
408.51;164.47;24.77;0.18;0.617118;-0.145646;0.773274
408.80;170.78;25.03;0.25;0.567555;0.100157;0.817221
408.72;173.24;24.77;0.21;0.504847;0.154545;0.849262
407.36;158.33;25.57;0.13;0.940605;-0.203038;0.272099
407.33;158.80;25.97;0.16;0.807941;-0.170014;0.564205
407.39;159.40;25.98;0.13;0.837476;-0.210505;0.504303
407.64;161.98;26.46;0.11;0.957606;-0.179801;0.225084
407.01;159.47;26.57;0.17;0.546309;-0.258284;0.796766
407.49;162.04;26.80;0.08;0.808930;-0.199566;0.552997
407.60;163.04;26.82;0.14;0.929702;-0.109936;0.351522
407.23;162.74;27.47;0.11;0.674710;-0.172885;0.717549
406.98;163.21;27.71;0.17;0.487303;-0.199420;0.850157
407.20;164.13;27.82;0.09;0.483107;-0.192944;0.854038
407.41;165.72;27.89;0.15;0.635815;-0.129545;0.760893
407.18;166.18;28.15;0.11;0.439634;-0.161054;0.883620
406.85;167.23;28.77;0.09;0.838449;-0.246783;0.485902
406.87;167.63;28.76;0.18;0.845911;-0.213369;0.488782
407.01;168.15;28.84;0.06;0.874008;-0.228587;0.428787
406.49;166.01;29.05;0.23;0.943667;-0.187638;0.272554
405.11;187.00;26.62;0.20;0.313430;0.380702;0.869958
405.26;184.63;27.90;0.14;0.450948;0.349682;0.821199
405.93;176.47;30.12;0.20;0.624318;0.129632;0.770340
405.00;161.14;31.05;0.16;0.575385;-0.426150;0.698089
405.75;176.71;30.39;0.10;0.575962;0.141386;0.805157
405.65;170.84;31.25;0.22;0.437124;0.111038;0.892521
404.72;162.43;31.57;0.20;0.433384;-0.218926;0.874214
405.03;166.37;31.94;0.21;0.346805;-0.101208;0.932461
399.79;183.22;37.07;0.16;0.811601;0.276789;0.514483
394.49;145.84;37.54;0.15;-0.799170;0.240527;-0.550884
394.21;147.46;38.54;0.24;0.970454;-0.229877;0.073312
393.29;148.05;40.20;0.16;0.897720;0.101918;0.428616
392.76;149.52;41.41;0.22;0.946308;-0.026532;0.322174
392.71;149.80;41.63;0.15;0.936811;0.013982;0.349556
395.85;165.84;43.18;0.11;0.236419;-0.217287;0.947044
395.70;166.18;43.27;0.20;0.165096;-0.259052;0.951649
395.83;166.73;43.34;0.10;0.035637;-0.402571;0.914695
396.04;179.66;42.24;0.08;0.665173;-0.021005;0.746394
395.82;167.46;43.51;0.11;0.248537;-0.175991;0.952500
395.65;167.77;43.59;0.04;0.322806;-0.047585;0.945268
395.67;179.24;42.68;0.11;0.847256;-0.174216;0.501802
395.44;178.63;42.78;0.24;0.807456;-0.109510;0.579674
391.27;148.51;42.28;0.17;-0.220614;-0.503608;0.835289
394.93;177.65;43.38;0.21;0.866701;-0.214056;0.450565
391.49;154.69;44.60;0.18;0.971403;0.231520;0.052674
391.40;155.09;44.78;0.11;0.963938;0.265113;-0.023213
391.26;155.57;44.89;0.23;0.960182;0.269055;-0.075233
391.65;192.98;41.16;0.19;0.648857;0.344858;0.678276
391.20;156.13;45.39;0.07;0.980340;0.189859;0.053734
392.85;167.72;45.90;0.22;0.994160;-0.027463;-0.104359
392.37;163.57;46.22;0.15;0.010329;-0.180189;0.983578
391.97;163.36;46.48;0.17;0.497074;0.039711;0.866799
390.86;192.07;42.15;0.11;0.503621;0.402571;0.764396
390.80;157.97;46.33;0.23;0.972137;0.172003;-0.159262
390.73;158.26;46.23;0.15;0.987971;0.153130;0.021552
390.69;158.58;46.44;0.13;0.966913;0.251864;-0.040544
389.88;191.04;43.31;0.23;0.125288;0.582222;0.803319
389.80;190.11;43.90;0.20;0.555611;0.345029;0.756473
390.77;178.84;47.04;0.03;0.426521;0.248678;0.869620
390.79;179.34;46.98;0.17;0.466213;0.238422;0.851939
390.64;176.84;47.46;0.17;0.175857;0.276736;0.944718
389.57;189.37;44.48;0.16;0.565697;0.309291;0.764412
390.18;190.05;43.78;0.13;0.687043;0.185978;0.702413
390.55;159.08;46.53;0.25;0.972628;0.226335;-0.052608
390.89;157.37;46.13;0.13;0.990213;0.091493;0.105391
392.22;164.10;46.27;0.16;-0.020377;-0.233732;0.972087
392.26;162.74;46.02;0.07;0.306222;-0.065896;0.949677
392.43;161.77;45.83;0.06;0.457179;-0.033715;0.888735
391.26;155.75;45.18;0.13;0.968356;0.236765;-0.078922
394.53;176.90;44.17;0.21;0.948452;-0.314453;0.039466
395.11;178.30;43.47;0.17;0.911049;-0.290078;0.292993
394.67;168.49;44.27;0.24;0.226829;-0.194616;0.954292
395.26;178.38;43.08;0.16;0.838554;-0.187512;0.511533
395.60;175.22;43.47;0.07;0.109201;0.460914;0.880700
395.46;178.31;42.77;0.24;0.719414;-0.023840;0.694172
394.05;193.07;38.57;0.24;0.833600;0.054824;0.549642
395.71;178.23;42.50;0.23;0.557592;0.099932;0.824078
395.64;168.44;43.67;0.23;0.625948;0.348112;0.697859
396.05;179.11;42.15;0.20;0.464657;0.044967;0.884348
396.38;165.57;42.74;0.13;0.167960;-0.285395;0.943578
396.56;163.78;42.17;0.16;0.476305;0.009339;0.879230
400.22;179.80;37.65;0.08;0.989296;0.026004;0.143589
404.91;167.24;31.92;0.25;0.416926;0.049602;0.907586
404.74;163.60;31.80;0.21;0.432972;-0.141466;0.890237
405.05;165.05;31.92;0.19;0.366399;-0.037813;0.929689
405.07;165.40;31.88;0.15;0.288802;-0.112092;0.950804
405.07;163.69;31.62;0.07;0.450986;-0.164924;0.877161
406.77;167.24;29.10;0.16;0.865117;-0.249990;0.434831
403.21;148.45;27.29;0.18;0.869788;-0.191146;0.454898
406.88;166.73;28.56;0.17;0.751427;-0.243155;0.613378
407.21;167.02;28.36;0.18;0.634356;-0.152185;0.757913
407.29;167.35;28.25;0.17;0.594710;-0.198237;0.779116
407.09;165.53;28.13;0.11;0.489555;-0.135100;0.861443
406.91;164.20;27.95;0.25;0.509801;-0.177907;0.841696
406.97;163.77;27.89;0.15;0.545965;-0.166033;0.821191
407.33;163.32;27.48;0.10;0.646869;-0.129971;0.751444
407.08;160.35;26.87;0.15;0.590275;-0.228946;0.774054
407.73;163.21;26.57;0.14;0.979593;-0.099060;0.174884
406.42;155.77;25.59;0.22;0.456578;-0.272102;0.847052
407.61;160.82;26.16;0.16;0.927836;-0.081907;0.363884
407.43;159.09;25.89;0.19;0.860716;-0.125853;0.493284
408.48;169.56;25.38;0.22;0.662672;-0.012503;0.748805
408.73;171.47;25.00;0.13;0.617587;0.079549;0.782470
408.70;165.30;24.83;0.12;0.618445;-0.126062;0.775651
408.72;165.72;24.78;0.10;0.594308;-0.122401;0.794869
408.49;163.15;24.52;0.13;0.557787;-0.157018;0.814997
408.21;160.87;24.15;0.24;0.615319;-0.250219;0.747511
408.40;160.61;23.99;0.14;0.655001;-0.269331;0.705999
408.84;162.91;24.13;0.18;0.796233;-0.119214;0.593128
408.83;161.96;23.83;0.19;0.947065;-0.110247;0.301520
408.88;162.32;23.83;0.18;0.976796;-0.077212;0.199771
408.79;161.94;23.35;0.20;0.967809;-0.076571;0.239756
408.93;162.99;23.33;0.21;0.901400;-0.095540;0.422315
409.63;171.40;22.78;0.19;0.851981;0.001346;0.523571
409.72;175.65;22.19;0.06;0.830599;0.112007;0.545490
408.05;156.77;22.83;0.16;0.809391;-0.166683;0.563120
408.44;158.60;23.00;0.10;0.764176;-0.267383;0.586976
409.44;166.45;22.89;0.22;0.773920;-0.110560;0.623558
409.64;168.41;22.80;0.16;0.715034;-0.038230;0.698043
409.67;169.26;22.70;0.19;0.775924;0.032272;0.630000
409.80;171.87;22.42;0.17;0.827824;0.020661;0.560607
409.83;167.67;22.66;0.12;0.732567;-0.061887;0.677876
409.85;168.38;22.57;0.17;0.759481;-0.035226;0.649575
410.05;174.59;21.79;0.14;0.849368;0.065984;0.523660
409.07;160.00;22.49;0.13;0.919632;-0.043666;0.390347
409.06;160.63;22.37;0.20;0.978225;-0.089375;0.187320
409.10;161.05;22.34;0.17;0.952184;-0.137168;0.273004
409.76;165.39;22.43;0.19;0.646405;-0.146157;0.748865
409.13;158.18;21.17;0.08;0.869193;-0.124991;0.478415
410.10;172.42;21.92;0.08;0.831454;0.063524;0.551950
410.15;173.32;21.78;0.14;0.835545;0.048985;0.547233
409.25;164.75;22.99;0.23;0.855991;-0.048557;0.514705
409.35;166.80;23.22;0.20;0.848583;-0.066142;0.524911
408.84;167.74;25.03;0.10;0.513935;-0.101642;0.851786
408.75;168.38;25.27;0.12;0.546778;-0.043130;0.836166
408.75;170.34;25.33;0.14;0.659992;0.035331;0.750441
408.82;173.52;24.63;0.10;0.429413;0.126131;0.894257
408.86;174.56;24.43;0.12;0.461405;0.146088;0.875079
408.87;179.05;23.28;0.17;0.384332;0.313897;0.868192
407.05;161.65;27.38;0.14;0.515776;-0.235563;0.823702
407.97;181.78;23.68;0.13;0.762246;0.148841;0.629943
405.04;162.10;31.30;0.15;0.518180;-0.262980;0.813838
404.72;163.24;31.79;0.21;0.416320;-0.175522;0.892115
405.17;167.43;31.86;0.17;0.393973;0.054756;0.917490
405.41;173.02;31.15;0.25;0.447222;0.151969;0.881418
404.09;184.65;29.93;0.18;0.741002;0.156080;0.653112
403.83;184.53;30.31;0.19;0.674113;0.165865;0.719764
396.11;164.96;42.93;0.17;0.497905;0.023064;0.866925
395.10;164.55;43.56;0.25;0.654680;0.286523;0.699499
395.99;168.59;43.26;0.19;0.667367;0.466655;0.580392
396.14;178.30;42.34;0.21;0.216344;0.249416;0.943921
393.55;168.58;45.39;0.18;0.606672;-0.442887;0.660152
390.85;177.80;47.23;0.11;0.251563;0.251563;0.934576
389.61;189.85;44.29;0.23;0.384608;0.432484;0.815496
390.33;189.85;43.61;0.25;0.809171;0.023595;0.587100
391.38;180.62;46.22;0.09;0.299604;0.284989;0.910504
395.08;177.92;43.52;0.20;0.908638;-0.267763;0.320438
390.77;169.45;47.95;0.15;0.224003;0.001173;0.974588
396.36;179.13;42.06;0.17;0.256058;0.180189;0.949719
390.84;169.88;47.90;0.07;0.056320;-0.132180;0.989624
395.88;178.72;42.37;0.19;0.578832;0.043447;0.814289
395.18;178.03;43.26;0.21;0.849530;-0.205992;0.485660
388.14;187.17;46.70;0.17;0.387544;0.331960;0.860007
390.80;180.89;46.63;0.12;0.439972;0.391975;0.807948
394.65;193.86;37.64;0.17;0.930486;-0.056593;0.361929
391.49;194.09;40.35;0.25;0.192571;0.722525;0.663984
391.78;182.75;45.29;0.13;0.238258;0.418076;0.876610
392.94;192.08;40.12;0.23;0.739591;-0.009713;0.672986
393.31;192.69;39.62;0.04;0.749938;0.178702;0.636913
394.10;185.75;42.35;0.20;0.131445;0.574517;0.807869
394.10;173.29;44.90;0.21;-0.250568;0.490375;0.834714
394.09;172.88;45.16;0.21;-0.269366;0.509149;0.817441
390.42;156.00;46.09;0.10;-0.056984;-0.372386;0.926327
393.52;185.61;42.71;0.21;0.280217;0.558850;0.780490
392.22;192.52;40.86;0.09;0.681148;0.117235;0.722699
392.30;183.32;44.63;0.15;0.270836;0.530713;0.803114
391.55;181.39;45.78;0.03;0.146088;0.461405;0.875079
389.35;188.90;44.96;0.19;0.534626;0.347265;0.770443
387.67;186.32;47.15;0.14;0.208359;0.316083;0.925569
394.16;165.56;44.89;0.07;0.789843;0.610527;0.058349
393.98;172.31;45.22;0.19;-0.253309;0.602592;0.756781
391.37;182.52;45.41;0.25;0.235219;0.468921;0.851343
395.07;167.81;44.02;0.16;0.022238;-0.404217;0.914393
389.03;189.30;44.81;0.22;0.147504;0.564687;0.812017
394.34;173.41;44.57;0.19;-0.104420;0.504936;0.856817
396.97;168.06;42.15;0.21;0.450565;0.214056;0.866701
391.79;192.70;41.14;0.16;0.709089;0.234267;0.665066
392.59;192.62;40.27;0.18;0.743004;0.202356;0.637964
392.43;195.15;39.02;0.06;0.362272;0.670449;0.647500
399.48;176.59;38.96;0.18;0.896434;-0.435095;0.084256
394.04;192.76;38.58;0.23;0.852260;0.054400;0.520283
402.11;146.63;27.27;0.25;0.614670;-0.424772;0.664643
404.70;160.69;30.95;0.21;0.647470;-0.265669;0.714285
405.04;155.97;28.92;0.11;0.458888;-0.293999;0.838443
399.68;187.37;34.93;0.25;0.920792;0.277243;0.274370
405.10;155.96;28.59;0.21;0.370641;-0.383152;0.846062
399.39;189.09;34.90;0.08;0.954300;0.211319;0.211319
397.57;194.20;33.67;0.18;0.146158;0.721750;0.676546
399.24;191.79;32.97;0.20;0.965980;0.127340;0.225095
406.49;156.32;26.12;0.09;0.817508;-0.290286;0.497409
406.62;156.02;25.71;0.12;0.508325;-0.251845;0.823517
407.16;159.17;26.45;0.16;0.613240;-0.226259;0.756798
407.49;161.32;26.56;0.16;0.929662;-0.092832;0.356527
405.46;178.79;30.01;0.11;0.475520;0.277258;0.834871
405.39;179.68;29.71;0.16;0.496833;0.217269;0.840209
405.61;180.01;29.47;0.12;0.423024;0.215223;0.880187
403.93;185.45;29.92;0.08;0.682438;0.206752;0.701093
408.36;166.49;25.30;0.22;0.649364;-0.123335;0.750410
404.71;186.38;28.02;0.14;0.967846;0.081807;0.237871
404.84;187.60;26.65;0.23;0.678086;0.369417;0.635398
409.61;171.10;22.76;0.23;0.840061;0.015025;0.542283
408.05;181.18;23.62;0.23;0.902478;0.113334;0.415559
408.52;180.26;22.95;0.23;0.731263;0.306970;0.609118
409.52;177.62;22.12;0.18;0.875549;0.065215;0.478707
408.52;181.08;22.51;0.23;0.745439;0.236971;0.623030
406.78;186.85;23.10;0.22;0.839489;0.214047;0.499443
408.64;181.65;22.07;0.23;0.534491;0.296587;0.791427
408.51;182.21;22.17;0.21;0.807425;0.280639;0.518947
407.19;188.42;21.28;0.16;0.726812;0.307807;0.614003
406.28;189.21;22.86;0.15;0.650438;0.392249;0.650438
406.43;188.09;23.21;0.08;0.904451;0.176303;0.388441
408.32;182.82;22.40;0.18;0.958155;0.072723;0.276857
410.09;174.26;21.77;0.08;0.850251;0.054450;0.523554
409.93;173.61;22.17;0.09;0.867880;0.042503;0.494952
408.94;177.49;23.76;0.13;0.177088;0.358426;0.916608
409.95;172.06;22.18;0.14;0.823990;0.034738;0.565538
408.80;175.73;24.51;0.10;0.550877;0.199903;0.810292
409.62;170.19;22.79;0.20;0.824530;0.043396;0.564152
409.54;170.48;22.90;0.22;0.833246;0.026168;0.552283
408.79;172.04;24.94;0.22;0.512830;0.098566;0.852813
405.20;181.15;29.51;0.21;0.387307;0.310764;0.867997
408.31;169.82;25.60;0.25;0.687381;-0.006943;0.726264
399.57;189.08;34.34;0.14;0.956468;0.193969;0.218048
405.65;171.40;31.26;0.20;0.411106;0.077851;0.908257
405.18;169.88;31.66;0.18;0.338709;0.097730;0.935802
405.33;168.83;31.66;0.15;0.375419;0.099657;0.921482
393.85;192.95;38.88;0.19;0.773325;0.123198;0.621925
391.80;194.93;39.40;0.22;0.085819;0.754913;0.650185
395.01;188.62;39.91;0.21;-0.004146;0.648164;0.761489
399.62;177.09;38.58;0.22;0.912552;-0.408351;0.022321
390.91;192.71;41.70;0.20;0.235658;0.597729;0.766280
391.20;192.27;41.96;0.16;0.531571;0.369011;0.762406
394.04;186.90;41.55;0.24;0.247639;0.629351;0.736609
391.29;191.24;42.15;0.24;0.795960;0.073142;0.600914
390.59;192.30;42.29;0.15;0.303214;0.604823;0.736376
394.31;186.59;41.72;0.04;0.172419;0.663737;0.727822
391.35;190.95;42.15;0.22;0.835989;-0.001355;0.548745
391.16;191.42;42.36;0.11;0.698872;0.189760;0.689615
399.52;176.89;39.06;0.10;0.906363;-0.407933;0.109989
392.07;191.55;41.20;0.23;0.774845;0.070440;0.628214
404.57;160.57;31.27;0.15;0.598491;-0.321023;0.733998
392.21;192.22;40.92;0.04;0.712784;0.064799;0.698384
392.88;192.69;39.90;0.17;0.721254;0.223730;0.655544
393.44;192.57;39.30;0.18;0.754702;0.120100;0.644981
400.29;181.81;36.84;0.12;0.943117;0.110720;0.313483
405.11;169.01;31.77;0.21;0.334522;0.106133;0.936392
407.24;159.12;26.14;0.21;0.732346;-0.195806;0.652173
407.59;153.18;21.96;0.08;0.838930;-0.120678;0.530692
405.65;170.24;31.19;0.18;0.450120;0.142370;0.881545
407.53;160.49;26.07;0.09;0.924306;-0.137191;0.356142
407.09;163.52;27.68;0.13;0.536952;-0.166021;0.827115
407.49;162.88;27.05;0.12;0.849492;-0.120116;0.513747
405.52;172.34;31.39;0.13;0.412805;0.104244;0.904835
407.68;162.73;26.60;0.06;0.961924;-0.101730;0.253680
408.41;158.02;22.69;0.10;0.623318;-0.275790;0.731721
405.46;174.52;30.98;0.19;0.497566;0.132007;0.857323
408.27;161.73;24.42;0.23;0.571040;-0.170257;0.803072
408.51;157.75;22.56;0.02;0.571927;-0.224741;0.788918
394.81;194.34;37.00;0.09;0.911070;-0.024979;0.411494
405.61;172.49;31.09;0.21;0.473792;0.128169;0.871260
400.20;184.82;35.70;0.11;0.839356;0.240035;0.487713
399.74;185.17;36.19;0.22;0.864118;0.243648;0.440382
399.45;185.33;36.43;0.09;0.880819;0.189692;0.433792
399.53;185.02;36.62;0.07;0.868103;0.206975;0.451175
405.46;169.86;31.48;0.11;0.410506;0.121891;0.903674
393.85;193.26;38.79;0.14;0.764423;0.076587;0.640150
393.24;193.26;39.44;0.17;0.758480;0.126662;0.639269
404.71;166.51;32.13;0.23;0.321039;-0.063688;0.944922
392.39;192.49;40.47;0.24;0.723143;0.110911;0.681736
404.66;164.52;32.14;0.09;0.387636;0.035479;0.921129
391.60;191.75;41.59;0.19;0.827519;0.084616;0.555025
405.19;152.71;26.88;0.11;0.179770;-0.437002;0.881312
405.00;149.40;24.70;0.16;0.507520;-0.477568;0.717184
391.14;191.98;42.10;0.21;0.568429;0.305831;0.763777
405.18;153.53;27.42;0.09;0.169009;-0.465877;0.868559
404.33;161.32;31.87;0.20;0.518533;-0.187874;0.834162
394.94;187.93;40.53;0.24;0.095068;0.650850;0.753231
405.05;163.31;31.60;0.11;0.491810;-0.163937;0.855130
392.52;192.15;40.63;0.10;0.724705;0.041128;0.687831
392.61;192.29;40.32;0.15;0.730201;0.044125;0.681806
392.76;192.42;40.00;0.25;0.717974;0.139982;0.681849
400.20;182.03;37.03;0.13;0.931681;0.121405;0.342390
408.37;159.24;23.57;0.17;0.782140;-0.262812;0.564966
409.25;161.29;22.15;0.24;0.915674;-0.102962;0.388509
399.35;190.49;33.60;0.22;0.973163;0.222122;0.060132
405.37;183.03;28.59;0.13;0.441898;0.381276;0.812007
404.65;184.51;29.06;0.13;0.878735;0.145734;0.454518
408.73;176.03;24.48;0.06;0.567435;0.180066;0.803488
405.09;184.92;27.85;0.23;0.619093;0.354468;0.700768
408.87;178.24;23.37;0.12;0.216162;0.333548;0.917616
407.42;187.78;21.33;0.11;0.572100;0.419540;0.704761
408.52;184.37;20.52;0.24;-0.264048;0.438044;0.859300
406.66;188.63;22.21;0.16;0.952158;0.150903;0.265750
406.78;188.39;22.46;0.12;0.927135;0.165908;0.335999
407.62;184.94;22.69;0.13;0.465991;0.395045;0.791702
407.70;184.13;22.83;0.25;0.692426;0.290787;0.660295
408.81;181.56;22.31;0.12;0.382706;0.345520;0.856827
408.70;180.21;22.60;0.20;0.220541;0.412959;0.883644
405.04;188.99;25.83;0.16;0.316616;0.406196;0.857181
405.23;187.66;26.34;0.18;0.255656;0.428111;0.866811
404.66;188.55;26.48;0.17;0.659503;0.279450;0.697828
408.71;178.11;23.70;0.20;0.412587;0.281655;0.866281
405.17;185.92;27.26;0.23;0.540835;0.409325;0.734813
408.41;177.09;24.34;0.25;0.734252;0.243703;0.633627
404.14;187.59;28.18;0.20;0.821852;0.295867;0.486849
405.51;184.43;27.81;0.09;0.397099;0.397099;0.827421
404.91;185.51;28.04;0.17;0.828260;0.235109;0.508635
405.26;184.12;28.06;0.20;0.423093;0.426310;0.799533
404.81;183.68;29.11;0.19;0.743518;0.257311;0.617230
399.09;194.13;31.73;0.23;0.963992;0.219858;0.149607
408.80;166.23;24.89;0.20;0.604433;-0.132173;0.785615
399.52;187.13;35.44;0.17;0.929623;0.165359;0.329328
394.86;194.62;36.89;0.13;0.885729;0.039336;0.462532
399.99;185.77;35.54;0.13;0.820839;0.289248;0.492503
400.47;184.51;35.31;0.25;0.898001;0.168106;0.406615
407.82;153.78;21.80;0.17;0.798189;-0.323418;0.508228
399.90;185.24;35.85;0.20;0.847964;0.222989;0.480867
399.52;186.05;36.24;0.10;0.918509;0.204272;0.338548
399.54;185.75;36.24;0.12;0.889515;0.184891;0.417825
394.55;193.29;37.79;0.17;0.917945;-0.001284;0.396706
405.52;169.42;31.51;0.12;0.372828;0.128896;0.918904
399.79;184.32;36.45;0.20;0.866703;0.191119;0.460760
399.99;183.31;36.77;0.15;0.840381;0.277032;0.465847
400.16;182.81;36.81;0.12;0.888068;0.238696;0.392885
395.23;189.27;39.31;0.25;-0.004158;0.688853;0.724889
392.71;193.28;39.84;0.21;0.688142;0.152752;0.709315
400.17;178.64;37.59;0.25;0.976182;-0.216799;-0.008203
400.19;179.07;37.88;0.14;0.994323;-0.068227;0.081649
391.59;193.49;40.82;0.12;0.459172;0.518847;0.721082
391.39;191.99;41.69;0.15;0.766424;0.178274;0.617101
391.37;191.63;41.86;0.24;0.793208;0.097514;0.601092
391.15;191.67;42.09;0.17;0.661025;0.220342;0.717283
390.83;191.59;42.66;0.17;0.608552;0.335921;0.718903
390.49;192.10;42.49;0.17;0.312544;0.559373;0.767736
394.51;186.71;41.52;0.14;0.107295;0.630542;0.768703
400.04;178.01;38.02;0.18;0.969846;-0.243361;0.013187
405.06;162.43;31.36;0.16;0.526815;-0.212253;0.823052
404.72;164.82;32.13;0.15;0.376443;-0.014133;0.926332
395.27;188.92;39.71;0.21;-0.049902;0.680095;0.731423
393.04;192.51;40.08;0.24;0.742939;0.149191;0.652521
400.26;179.55;37.47;0.16;0.992093;-0.023330;0.123317
391.89;193.98;40.29;0.23;0.521167;0.561646;0.642604
400.24;179.31;37.68;0.18;0.994651;-0.038552;0.095830
400.20;178.95;37.60;0.18;0.991406;-0.117239;0.058050
391.41;193.99;40.66;0.11;0.117284;0.705190;0.699251
392.02;193.09;40.71;0.10;0.681431;0.318864;0.658770
400.10;178.34;38.06;0.20;0.976228;-0.216021;-0.017707
391.80;192.24;41.14;0.12;0.780894;0.094875;0.617417
399.85;177.38;38.48;0.17;0.943004;-0.328955;0.050311
390.90;192.46;41.90;0.14;0.377134;0.506622;0.775309
390.87;192.36;42.21;0.20;0.430963;0.483399;0.761969
393.86;185.93;42.42;0.02;0.177828;0.600360;0.779708
390.47;190.86;43.25;0.12;0.686283;0.297336;0.663782
403.15;148.57;27.56;0.16;0.811545;-0.219378;0.541542
392.09;183.11;44.75;0.19;0.364964;0.493585;0.789415
388.30;187.20;46.30;0.20;0.587875;0.198005;0.784345
396.18;168.35;43.22;0.09;0.694134;0.451104;0.560967
394.26;172.93;44.87;0.15;-0.226519;0.537790;0.812078
393.74;171.88;45.42;0.11;-0.348922;0.572881;0.741661
393.30;171.22;45.87;0.16;0.152291;0.314185;0.937067
397.30;145.27;33.96;0.17;-0.743951;0.345232;-0.572146
394.42;164.99;44.60;0.21;0.726213;0.537629;0.428449
390.74;157.65;46.29;0.17;0.976228;0.017707;0.216021
391.82;162.78;46.52;0.18;0.873136;0.034054;0.486286
392.18;163.34;46.11;0.14;0.225581;-0.130192;0.965486
395.68;164.56;43.35;0.19;0.747816;0.257704;0.611849
396.59;164.63;42.38;0.07;0.321308;-0.116961;0.939724
391.20;190.83;42.44;0.20;0.800459;0.009644;0.599311
403.48;148.60;26.80;0.07;0.935642;-0.120510;0.331740
403.50;148.35;26.60;0.17;0.937822;-0.271731;0.215992
402.54;147.40;27.36;0.20;0.555297;-0.388216;0.735482
394.19;176.02;44.39;0.21;0.949264;-0.313920;-0.018760
393.96;175.39;44.64;0.24;0.904330;-0.418544;-0.083709
396.69;164.32;42.39;0.20;0.367875;-0.122625;0.921754
396.59;164.89;42.56;0.15;0.264971;-0.127871;0.955740
396.24;164.92;42.57;0.24;0.452236;0.067354;0.889351
395.46;168.15;43.70;0.13;0.440378;0.090298;0.893260
395.48;167.44;43.70;0.11;0.074702;-0.326332;0.942299
392.52;162.94;45.96;0.10;0.028653;-0.159311;0.986813
392.20;162.45;46.08;0.08;0.456163;-0.009255;0.889848
392.80;150.06;41.39;0.20;0.932783;0.095292;0.347613
392.12;152.47;43.16;0.09;0.970126;0.237306;0.050412
391.79;153.57;44.03;0.11;0.962817;0.269687;-0.015864
391.65;154.19;44.32;0.16;0.978536;0.196673;-0.061536
391.15;156.54;45.42;0.21;0.981707;0.189371;-0.019750
390.85;157.76;45.96;0.23;0.986221;0.145276;-0.079134
409.52;176.88;22.19;0.16;0.915379;0.060311;0.398049
391.82;153.10;43.74;0.16;0.956007;0.285394;0.067829
407.68;154.09;22.36;0.14;0.847822;-0.238973;0.473380
407.07;154.12;23.30;0.23;0.835539;-0.184509;0.517524
409.53;175.06;22.57;0.16;0.908599;0.049658;0.414708
409.52;176.59;22.36;0.15;0.918004;0.074141;0.389579
409.65;177.85;21.89;0.19;0.865796;0.086156;0.492925
395.80;177.26;42.87;0.14;0.327654;0.199996;0.923388
394.62;177.17;43.77;0.24;0.933241;-0.235070;0.271667
394.67;177.52;44.03;0.21;0.936330;-0.323013;0.137655
395.26;178.70;43.16;0.09;0.895562;-0.237538;0.376224
409.54;179.70;21.41;0.16;0.920562;0.068339;0.384572
395.82;179.19;42.36;0.12;0.685050;-0.089100;0.723027
404.04;184.31;30.23;0.12;0.703746;0.162637;0.691586
406.57;187.89;23.01;0.17;0.907052;0.118797;0.403911
406.52;188.43;23.00;0.11;0.882053;0.205369;0.424035
408.00;183.56;23.06;0.12;0.748296;0.206053;0.630552
394.21;176.25;44.57;0.07;0.926324;-0.347544;-0.145387
408.31;157.18;22.59;0.17;0.688683;-0.217068;0.691807
407.51;155.05;23.05;0.19;0.806100;-0.193525;0.559241
407.35;154.56;23.06;0.13;0.757210;-0.222343;0.614164
405.02;153.98;27.62;0.16;0.242188;-0.470668;0.848420
406.96;153.63;23.17;0.20;0.902537;-0.253884;0.347807
392.10;152.14;43.13;0.03;0.968589;0.215667;0.123785
406.88;153.20;23.07;0.22;0.868061;-0.197354;0.455546
406.78;151.37;22.35;0.07;0.970826;0.227479;0.075826
406.07;151.04;23.71;0.22;0.841619;-0.352634;0.409055
403.21;150.07;28.19;0.15;0.797017;-0.299476;0.524479
403.47;149.87;27.48;0.24;0.920133;-0.105589;0.377104
393.14;148.65;40.39;0.19;0.922805;-0.003840;0.385249
403.20;149.26;27.83;0.08;0.846609;-0.216574;0.486157
403.48;148.97;27.04;0.11;0.978409;-0.044202;0.201894
403.41;149.06;27.34;0.16;0.952318;-0.162068;0.258505
403.48;149.28;27.09;0.22;0.976349;-0.107932;0.187330
403.43;149.30;27.62;0.16;0.929939;-0.113009;0.349918
403.43;149.51;27.34;0.21;0.967235;-0.058357;0.247086
403.22;149.63;27.78;0.23;0.913640;-0.041107;0.404441
392.93;148.87;40.93;0.18;0.938038;-0.037418;0.344506
392.97;149.25;40.92;0.08;0.935306;0.016588;0.353451
392.91;149.46;41.12;0.19;0.952941;-0.028801;0.301785
405.03;151.51;26.25;0.21;0.238187;-0.456651;0.857168
407.08;153.55;22.84;0.19;0.786925;-0.292920;0.543089
407.47;153.96;22.59;0.10;0.800683;-0.247201;0.545708
407.29;153.95;22.84;0.14;0.716270;-0.286828;0.636150
391.87;152.73;43.65;0.03;0.952318;0.258505;0.162068
391.65;153.84;44.12;0.14;0.972432;0.232668;-0.015511
408.11;155.96;22.38;0.15;0.788063;-0.221401;0.574403
408.20;156.37;22.32;0.09;0.733695;-0.247721;0.632713
407.92;156.34;22.81;0.16;0.802605;-0.213312;0.557066
409.13;156.84;20.55;0.09;0.867287;-0.125131;0.481826
409.00;156.83;20.88;0.13;0.932877;-0.070131;0.353302
410.11;169.56;22.15;0.12;0.789562;0.094515;0.606349
410.10;170.48;22.17;0.19;0.800419;0.043608;0.597853
409.94;171.39;22.20;0.08;0.800349;0.035042;0.598510
409.50;172.25;22.79;0.24;0.853611;0.009470;0.520825
409.88;174.01;22.16;0.13;0.863517;0.068577;0.499636
409.94;174.28;22.05;0.12;0.862470;0.065699;0.501826
409.52;174.49;22.75;0.23;0.887663;0.067435;0.455529
409.55;174.75;22.59;0.22;0.899442;0.050044;0.434167
409.52;176.25;22.40;0.20;0.884485;0.132887;0.447244
409.49;178.41;21.97;0.09;0.878904;0.097342;0.466962
394.57;177.20;44.14;0.21;0.962475;-0.269887;0.028344
394.76;177.51;43.66;0.16;0.889197;-0.295399;0.349381
394.90;177.81;43.74;0.12;0.907735;-0.312355;0.280093
406.78;188.36;22.15;0.12;0.951629;0.168251;0.257088
405.95;190.03;22.49;0.24;0.768411;0.274093;0.578289
389.15;187.99;45.30;0.24;0.698386;0.169630;0.695329
399.35;189.12;34.55;0.18;0.963693;0.213137;0.160834
388.76;187.10;46.07;0.10;0.727608;0.032495;0.685223
399.96;182.01;37.22;0.16;0.899204;0.174086;0.401405
390.93;179.95;46.76;0.09;0.476080;0.235759;0.847210
408.30;182.71;22.10;0.24;0.926737;0.093350;0.363930
409.40;175.30;22.73;0.15;0.933570;0.072832;0.350916
409.82;174.90;22.17;0.18;0.842087;0.063262;0.535618
400.17;181.30;37.30;0.10;0.943904;0.088450;0.318155
405.39;192.80;21.53;0.12;0.892751;0.290628;0.344283
405.85;190.74;22.28;0.15;0.429084;0.501420;0.751308
404.51;191.65;24.74;0.17;0.284189;0.374408;0.882641
404.24;191.29;25.08;0.19;0.490951;0.537868;0.685321
397.92;195.30;32.47;0.24;0.216789;0.653486;0.725230
408.52;182.77;21.84;0.12;0.778784;0.211274;0.590642
408.42;181.99;22.39;0.23;0.877293;0.199721;0.436427
400.37;183.29;35.98;0.19;0.944848;0.136134;0.297876
394.17;186.13;42.01;0.18;0.128878;0.588100;0.798454
400.33;179.93;37.06;0.22;0.986216;-0.045303;0.159142
393.60;184.87;43.09;0.21;0.248199;0.554155;0.794550
392.79;184.21;43.84;0.21;0.295838;0.523648;0.798920
392.68;183.74;44.19;0.16;0.305998;0.524795;0.794327
393.23;184.20;43.63;0.22;0.314040;0.490786;0.812716
399.70;183.92;36.91;0.13;0.845931;0.278895;0.454553
390.20;190.80;43.37;0.09;0.458882;0.413480;0.786423
390.52;191.78;42.52;0.20;0.481001;0.448168;0.753514
391.35;192.70;41.47;0.16;0.568047;0.393517;0.722819
391.64;193.18;40.91;0.14;0.617006;0.401964;0.676556
391.39;193.38;41.09;0.22;0.317226;0.594195;0.739121
392.10;193.61;40.28;0.09;0.626931;0.392039;0.673248
391.68;193.89;40.53;0.08;0.350894;0.621816;0.700155
405.06;183.47;28.77;0.23;0.509168;0.392043;0.766192
408.49;181.69;22.43;0.16;0.799120;0.200162;0.566871
408.50;182.45;21.93;0.21;0.744080;0.215923;0.632235
403.48;189.03;28.13;0.25;-0.102695;0.454390;0.884864
406.02;188.99;23.01;0.23;0.396611;0.447994;0.801250
406.76;189.02;21.74;0.18;0.978018;0.094726;0.185762
405.49;192.29;21.93;0.18;0.977446;0.200346;0.066782
403.43;190.40;27.29;0.24;-0.437240;0.576891;0.689941
405.03;185.51;27.72;0.18;0.705048;0.343568;0.620377
395.08;194.40;36.37;0.25;0.950657;-0.090227;0.296835
388.92;188.37;45.34;0.20;0.465363;0.384850;0.797075
395.83;176.80;42.77;0.18;0.172452;0.272936;0.946449
394.85;173.78;44.36;0.18;0.072404;0.552261;0.830521
395.99;164.45;42.86;0.17;0.685415;0.120431;0.718125
391.20;181.11;46.03;0.19;0.289550;0.421302;0.859456
389.77;189.62;44.19;0.17;0.683271;0.230898;0.692695
390.89;191.04;42.57;0.20;0.717359;0.130293;0.684412
394.24;193.48;38.29;0.12;0.855828;0.001344;0.517259
405.42;172.03;31.32;0.18;0.414398;0.077956;0.906751
408.31;161.23;24.43;0.13;0.629083;-0.223223;0.744597
405.42;176.45;30.54;0.21;0.441244;0.154797;0.883935
405.43;179.98;29.91;0.13;0.487083;0.220022;0.845187
408.89;169.16;25.04;0.23;0.561910;-0.009570;0.827143
408.46;170.21;25.39;0.22;0.691199;0.026747;0.722169
405.45;180.60;29.74;0.17;0.431249;0.269721;0.860973
405.56;180.46;29.43;0.19;0.412234;0.292701;0.862780
409.31;166.19;23.11;0.23;0.833029;-0.087461;0.546272
405.55;180.73;29.29;0.17;0.377737;0.301886;0.875317
408.85;170.46;25.05;0.24;0.552421;0.048949;0.832127
405.47;181.70;29.12;0.14;0.444050;0.346074;0.826470
409.88;166.49;22.39;0.05;0.679053;-0.067761;0.730955
404.37;184.92;29.19;0.23;0.935353;0.086730;0.342918
405.00;184.24;28.58;0.13;0.717859;0.308115;0.624295
403.79;186.93;29.10;0.19;0.307086;0.421279;0.853360
404.64;185.78;28.27;0.21;0.936399;0.100472;0.336246
408.88;175.88;24.22;0.08;0.423270;0.188934;0.886085
404.66;186.68;28.10;0.18;0.964441;0.056145;0.258266
410.15;173.76;21.70;0.07;0.837165;0.069410;0.542528
409.94;174.59;22.07;0.16;0.848543;0.074830;0.523809
403.50;190.05;27.47;0.22;-0.167756;0.503269;0.847690
404.58;188.51;26.81;0.24;0.961693;0.035986;-0.271756
409.62;178.17;21.82;0.11;0.881095;0.127095;0.455542
409.64;178.61;21.63;0.13;0.884958;0.163667;0.435961
408.42;181.40;22.59;0.22;0.815855;0.189206;0.546426
406.48;187.71;23.28;0.23;0.928208;0.081704;0.362979
408.36;183.93;21.57;0.21;0.978510;-0.041817;0.201915
406.89;190.55;20.33;0.21;0.879548;0.109058;0.463144
405.73;192.33;21.30;0.09;0.576984;0.405046;0.709244
405.56;192.48;21.58;0.10;0.839314;0.320408;0.439194
406.86;190.26;20.38;0.09;0.838315;0.108590;0.534263
405.67;192.17;21.63;0.20;0.785332;0.313814;0.533643
405.87;191.74;21.58;0.06;0.505930;0.443306;0.739942
405.83;191.07;21.98;0.11;0.303403;0.446547;0.841749
406.84;187.79;22.49;0.14;0.936678;0.134980;0.323133
407.47;186.59;22.00;0.09;0.551857;0.403597;0.729769
406.87;187.48;22.47;0.23;0.943621;0.113448;0.310981
404.37;191.36;24.82;0.17;0.352634;0.298613;0.886837
404.31;191.13;25.36;0.09;-0.700294;0.499732;0.509761
406.37;187.39;23.62;0.25;0.968957;0.068412;0.237575
408.36;183.90;21.97;0.17;0.982314;0.048466;0.180859
406.42;187.63;23.92;0.20;0.991794;-0.092659;-0.088083
404.60;190.86;25.03;0.21;0.368702;0.451699;0.812420
408.57;184.13;20.97;0.13;0.092889;0.527322;0.844573
408.68;184.48;20.77;0.12;0.042415;0.488455;0.871557
408.38;185.08;20.97;0.20;0.968405;0.053182;0.243647
406.88;188.07;22.07;0.24;0.953111;0.153728;0.260668
406.89;188.21;21.80;0.19;0.922312;0.223807;0.315040
408.52;185.64;20.21;0.05;0.736750;0.272104;0.618998
407.09;187.95;21.53;0.18;0.735627;0.339395;0.586228
406.69;189.07;22.16;0.17;0.954251;0.086750;0.286146
406.76;189.32;21.65;0.16;0.986253;0.021764;0.163803
407.32;188.60;20.95;0.11;0.669164;0.394889;0.629510
406.05;190.65;21.99;0.10;0.346105;0.392666;0.852071
406.78;190.01;20.75;0.15;0.947866;0.169504;0.269850
406.89;188.48;21.54;0.24;0.864458;0.252828;0.434500
408.51;185.37;20.40;0.09;0.734954;0.159114;0.659186
408.44;185.44;20.72;0.24;0.956876;-0.008576;0.290371
407.07;187.49;21.86;0.22;0.775910;0.284024;0.563288
406.59;188.59;22.59;0.13;0.910058;0.157102;0.383555
408.36;185.12;20.67;0.21;0.951264;-0.049664;0.304353
407.70;186.32;21.99;0.21;0.558300;0.422452;0.714027
408.78;181.87;21.72;0.15;0.188447;0.470377;0.862110
405.18;188.24;26.03;0.15;0.278246;0.441197;0.853185
404.96;187.81;26.44;0.18;0.456588;0.404959;0.792171
408.18;182.09;23.22;0.23;0.908836;0.130234;0.396303
409.64;179.01;21.45;0.15;0.894756;0.153182;0.419461
409.65;178.28;21.52;0.13;0.867368;0.168777;0.468173
408.88;179.95;22.60;0.17;0.133856;0.401568;0.905994
405.41;186.59;26.84;0.09;0.206168;0.399176;0.893394
409.70;177.97;21.57;0.10;0.877978;0.112415;0.465314
408.67;179.98;22.83;0.18;0.371069;0.412124;0.832143
408.88;179.67;22.79;0.15;0.185784;0.387409;0.902994
404.85;186.79;27.28;0.20;0.885687;0.226985;0.405013
408.93;179.44;22.99;0.13;0.269542;0.313252;0.910615
404.72;187.19;27.68;0.15;0.996098;0.029202;0.083279
403.81;188.53;28.50;0.15;0.221749;0.427127;0.876578
402.15;190.61;29.84;0.11;0.983767;0.145699;0.104759
409.74;177.09;21.79;0.04;0.855912;0.116912;0.503732
402.20;190.39;29.63;0.14;0.983767;0.145699;0.104759
405.14;186.47;27.44;0.13;0.702007;0.505245;0.501910
405.35;186.12;27.07;0.15;0.320807;0.442870;0.837227
399.12;194.66;30.95;0.23;0.983828;0.158991;0.082484
405.03;187.28;27.09;0.08;0.815712;0.272944;0.510015
404.68;187.95;27.08;0.08;0.991659;0.128773;-0.005503
408.80;180.76;22.34;0.19;0.196426;0.394307;0.897741
409.56;179.35;21.32;0.12;0.910870;0.038562;0.410889
408.40;182.08;22.87;0.15;0.924566;0.068042;0.374896
408.18;182.49;22.73;0.16;0.924511;0.093399;0.369534
404.56;188.87;26.57;0.20;0.987404;0.045145;0.151641
408.39;182.48;22.27;0.18;0.922232;0.155338;0.354059
407.91;183.82;22.86;0.12;0.735099;0.265144;0.623961
404.49;189.71;26.37;0.20;0.991005;0.025813;-0.131311
404.73;189.27;26.02;0.15;0.655755;0.432165;0.619047
408.83;182.21;21.66;0.07;0.120114;0.325252;0.937968
403.58;191.03;26.86;0.15;-0.500409;0.584653;0.638569
404.58;189.43;25.79;0.25;0.611233;0.409145;0.677491
406.55;186.47;24.07;0.19;0.989921;0.079888;0.116938
407.89;184.11;22.56;0.23;0.770415;0.235969;0.592266
407.80;184.76;22.87;0.15;0.576046;0.284056;0.766475
407.91;184.55;22.60;0.13;0.759287;0.181801;0.624846
407.88;184.37;22.36;0.20;0.808688;0.189655;0.556826
407.77;185.17;22.57;0.14;0.522693;0.401441;0.752088
404.73;190.05;25.42;0.16;0.453955;0.437684;0.776117
407.50;185.30;22.59;0.24;0.459840;0.379728;0.802717
408.28;184.18;22.06;0.17;0.959195;0.083241;0.270214
408.31;183.66;21.79;0.22;0.995287;0.065174;0.071802
408.34;183.54;22.08;0.12;0.979528;0.091488;0.179316
406.48;186.78;24.11;0.21;0.973394;0.181008;-0.140503
408.49;182.85;21.52;0.25;0.207168;0.572396;0.793375
404.83;189.54;25.66;0.07;0.401227;0.456013;0.794398
408.49;183.42;21.27;0.25;-0.214495;0.344055;0.914122
408.40;184.15;21.78;0.17;0.981350;0.024563;0.190656
404.31;190.86;25.51;0.09;0.568783;0.429490;0.701444
407.63;185.95;22.49;0.15;0.492786;0.354742;0.794557
406.30;188.56;23.41;0.13;0.801766;0.322294;0.503287
406.54;188.15;22.85;0.21;0.897636;0.177793;0.403286
407.69;186.56;21.77;0.20;0.570376;0.386278;0.724887
406.59;188.17;22.55;0.19;0.913819;0.181053;0.363532
406.33;188.90;23.04;0.18;0.708619;0.364947;0.603881
408.31;185.46;21.03;0.13;0.947871;0.011240;0.318455
404.85;188.87;26.09;0.21;0.559869;0.433608;0.706067
408.28;182.84;22.70;0.04;0.930475;0.087274;0.355809
408.11;182.70;23.00;0.11;0.853274;0.132279;0.504406
408.46;181.67;22.75;0.07;0.864850;0.113305;0.489078
403.71;189.68;27.77;0.20;-0.043023;0.537097;0.842423
408.90;179.14;22.98;0.11;0.358464;0.327956;0.874041
408.85;177.79;23.61;0.10;0.210980;0.345892;0.914246
404.25;186.32;29.11;0.15;0.877353;0.196114;0.437939
404.64;185.03;28.76;0.14;0.883372;0.106005;0.456527
404.13;185.62;29.67;0.14;0.779111;0.171617;0.602938
405.46;182.37;28.58;0.20;0.499116;0.216941;0.838940
399.22;191.18;33.51;0.17;0.971027;0.238894;0.005943
408.70;174.32;24.64;0.24;0.555821;0.081444;0.827302
408.74;174.54;24.84;0.08;0.602543;0.132411;0.787026
394.46;193.57;37.69;0.19;0.918920;-0.032866;0.393072
394.25;193.88;37.87;0.19;0.864221;0.014831;0.502893
399.56;187.66;35.19;0.17;0.979799;0.124478;0.156521
400.55;185.95;34.46;0.23;0.874320;0.235452;0.424413
394.19;193.19;38.18;0.23;0.872663;0.014791;0.488099
393.85;193.73;38.49;0.12;0.727769;0.186173;0.660070
393.93;193.39;38.49;0.14;0.803860;0.040684;0.593426
393.23;193.67;39.12;0.18;0.706744;0.209693;0.675678
400.24;185.31;35.22;0.22;0.859578;0.224303;0.459144
393.33;193.35;39.11;0.18;0.721486;0.114075;0.682967
392.17;194.32;39.81;0.10;0.432592;0.558558;0.707727
400.05;185.17;35.58;0.24;0.834506;0.227315;0.501924
391.81;194.26;40.12;0.16;0.312337;0.684553;0.658660
395.81;190.13;38.49;0.19;0.009729;0.743604;0.668549
392.93;193.08;39.75;0.17;0.722486;0.120663;0.680775
408.41;168.38;25.56;0.23;0.655760;-0.055718;0.752910
399.38;185.52;36.65;0.21;0.925354;0.157715;0.344740
408.82;167.17;24.94;0.15;0.565801;-0.078782;0.820769
392.41;192.87;40.28;0.23;0.722689;0.268427;0.636920
392.00;193.30;40.50;0.14;0.673301;0.326105;0.663567
402.95;179.79;33.62;0.21;0.974032;0.080447;0.211638
392.63;192.85;40.04;0.11;0.717760;0.226743;0.658337
392.40;193.29;40.21;0.18;0.644589;0.294164;0.705672
408.86;168.05;25.05;0.18;0.499538;-0.071363;0.863348
399.71;185.46;36.13;0.07;0.862199;0.211426;0.460339
408.69;168.68;25.28;0.10;0.572967;-0.052088;0.817921
399.81;185.71;35.85;0.13;0.868881;0.271431;0.413970
399.71;185.96;36.02;0.06;0.891834;0.256718;0.372463
391.71;194.53;39.90;0.11;0.199454;0.740607;0.641653
392.01;194.61;39.66;0.21;0.268867;0.666600;0.695237
399.42;186.99;35.89;0.15;0.930313;0.221638;0.292223
399.53;186.79;35.67;0.14;0.919801;0.216003;0.327581
399.73;186.58;35.47;0.21;0.885088;0.296031;0.359144
405.33;178.54;30.33;0.16;0.331048;0.200334;0.922103
394.24;193.43;37.98;0.24;0.890415;-0.006596;0.455101
408.92;171.76;24.90;0.13;0.480860;0.071084;0.873911
394.12;194.15;37.98;0.20;0.743796;0.246884;0.621141
405.72;179.25;29.49;0.09;0.393640;0.242126;0.886805
408.80;172.92;24.73;0.17;0.450680;0.152159;0.879622
405.17;180.48;29.92;0.24;0.450209;0.303774;0.839663
396.89;191.83;36.36;0.15;0.421879;0.564159;0.709749
394.67;194.22;37.27;0.07;0.932572;-0.035020;0.359280
394.64;194.54;37.17;0.07;0.919991;0.088330;0.381857
396.91;192.29;35.98;0.09;0.123083;0.855790;0.502469
399.54;189.59;34.21;0.16;0.956920;0.182842;0.225550
396.87;192.51;35.63;0.24;0.020888;0.786775;0.616887
409.54;173.14;23.00;0.15;0.881189;0.022871;0.472210
409.54;173.74;22.74;0.16;0.844477;0.042986;0.533864
409.93;172.82;22.18;0.13;0.862069;0.020364;0.506381
409.70;173.35;22.56;0.14;0.858197;0.034328;0.512172
405.57;181.96;28.91;0.14;0.477722;0.399991;0.782169
397.20;192.87;35.08;0.23;0.831989;0.469848;0.295021
395.24;194.79;35.93;0.22;0.969774;-0.005950;0.243931
409.57;172.57;22.72;0.22;0.845321;0.004058;0.534243
409.99;170.88;22.17;0.21;0.799256;0.037926;0.599793
399.40;189.43;34.59;0.04;0.958720;0.190148;0.211424
410.02;170.06;22.31;0.12;0.784873;0.076327;0.614937
394.54;194.17;37.54;0.09;0.914378;-0.006467;0.404810
405.66;179.55;29.60;0.24;0.450556;0.200743;0.869886
408.71;172.32;24.99;0.18;0.530692;0.136716;0.836465
399.54;187.82;34.93;0.20;0.978102;0.130166;0.162397
409.73;168.96;22.70;0.12;0.742306;0.015320;0.669886
396.23;190.63;37.85;0.16;0.070278;0.787400;0.612423
399.53;186.49;35.95;0.09;0.933209;0.173330;0.314767
408.71;169.70;25.24;0.15;0.648154;0.006910;0.761478
395.88;190.45;38.23;0.09;-0.023869;0.737119;0.675341
393.14;193.01;39.28;0.21;0.752018;0.185324;0.632553
393.42;192.40;39.60;0.08;0.769947;0.055710;0.635671
392.62;192.99;39.77;0.24;0.710821;0.120705;0.692939
391.19;194.13;40.50;0.23;-0.050028;0.718968;0.693240
392.29;192.80;40.57;0.15;0.680943;0.269507;0.680943
391.99;192.70;40.73;0.11;0.688710;0.206768;0.694928
400.32;183.12;36.29;0.13;0.944696;0.159035;0.286807
399.83;183.73;36.61;0.17;0.838307;0.310657;0.448034
408.51;165.55;24.93;0.20;0.590114;-0.094244;0.801800
400.31;182.26;36.58;0.21;0.950355;0.109403;0.291302
400.35;181.49;36.81;0.21;0.968544;0.065896;0.239960
405.66;172.20;31.15;0.19;0.482601;0.097652;0.870380
409.16;158.78;21.09;0.19;0.798904;-0.203943;0.565826
390.78;191.92;42.41;0.09;0.542146;0.388183;0.745246
409.06;158.91;21.36;0.24;0.901972;-0.189053;0.388209
409.11;159.48;21.89;0.07;0.994860;-0.047479;0.089438
408.72;160.92;23.27;0.23;0.910418;-0.035781;0.412140
390.88;191.33;42.47;0.19;0.678893;0.237849;0.694645
409.07;159.07;21.94;0.14;0.999279;-0.037613;-0.005083
400.28;180.50;37.27;0.13;0.969007;0.055548;0.240709
405.48;171.09;31.34;0.14;0.423014;0.166029;0.890783
390.15;191.59;42.86;0.23;0.113272;0.598724;0.792905
390.72;191.15;42.80;0.13;0.686566;0.220514;0.692821
408.65;160.70;23.70;0.16;0.957348;-0.174426;0.230349
405.26;171.10;31.57;0.18;0.458561;0.155765;0.874905
390.79;190.75;42.76;0.19;0.750730;0.092195;0.654145
406.78;166.93;28.77;0.15;0.837144;-0.146168;0.527091
390.58;190.89;42.93;0.23;0.742811;0.192239;0.641309
390.59;190.57;42.97;0.23;0.805220;0.103383;0.583894
390.17;191.05;43.22;0.13;0.396258;0.477127;0.784429
405.17;170.43;31.75;0.16;0.391199;0.160747;0.906159
390.43;190.56;43.28;0.16;0.772203;0.175155;0.610756
390.05;190.54;43.54;0.16;0.477127;0.389789;0.787664
408.31;158.23;23.09;0.11;0.815545;-0.259421;0.517288
408.23;158.88;23.65;0.16;0.747731;-0.282193;0.601054
407.18;163.04;27.41;0.14;0.659982;-0.139814;0.738157
393.57;185.75;42.44;0.22;0.231330;0.575996;0.784038
399.85;177.73;38.38;0.20;0.961577;-0.272796;0.030859
393.64;185.25;42.69;0.14;0.241828;0.566345;0.787891
393.36;185.16;42.93;0.16;0.262443;0.557887;0.787328
393.29;184.95;43.17;0.12;0.271931;0.548577;0.790643
406.83;157.90;26.15;0.12;0.431830;-0.284301;0.855976
406.59;156.42;25.80;0.14;0.645892;-0.213222;0.733048
406.89;151.32;21.96;0.17;0.966331;0.020664;0.256473
388.99;187.06;45.81;0.25;0.738435;-0.038268;0.673238
388.31;187.49;46.21;0.19;0.388588;0.407621;0.826344
392.52;183.10;44.58;0.20;0.257214;0.528459;0.809056
406.31;152.67;24.38;0.04;0.337737;-0.377833;0.862077
396.04;177.06;42.76;0.22;0.115589;0.255855;0.959780
395.80;175.98;42.94;0.14;0.212090;0.296364;0.931228
391.65;180.68;46.01;0.09;0.214736;0.287719;0.933331
394.88;174.11;44.20;0.16;0.095865;0.525112;0.845616
394.77;174.44;44.08;0.23;0.089500;0.512849;0.853801
395.05;174.36;43.99;0.21;0.146033;0.523654;0.839322
391.18;179.64;46.61;0.12;0.334141;0.272317;0.902327
395.17;174.71;43.79;0.15;0.103695;0.405103;0.908371
390.75;180.21;46.63;0.25;0.525522;0.232709;0.818335
391.11;180.43;46.33;0.13;0.366227;0.273549;0.889409
391.36;180.84;46.02;0.13;0.244070;0.349298;0.904666
395.79;176.29;42.92;0.13;0.155338;0.354059;0.922232
391.67;182.11;45.40;0.15;0.230358;0.450177;0.862714
388.45;186.93;46.31;0.16;0.720176;0.055839;0.691541
392.55;183.43;44.41;0.15;0.275522;0.549469;0.788779
406.99;151.12;21.63;0.17;0.795068;-0.337544;0.503916
405.05;162.95;31.48;0.13;0.515502;-0.201061;0.832966
388.86;187.40;45.83;0.23;0.684215;0.079898;0.724890
388.96;187.87;45.50;0.18;0.620524;0.205810;0.756699
407.23;156.72;25.09;0.20;0.764298;-0.198379;0.613591
389.49;188.42;44.99;0.17;0.782371;0.085640;0.616897
407.73;163.58;26.71;0.13;0.968498;-0.097483;0.229148
405.55;170.50;31.36;0.09;0.445417;0.102572;0.889428
409.18;158.47;21.26;0.21;0.866082;-0.134467;0.481478
400.22;181.60;37.06;0.16;0.951833;0.134455;0.275566
408.50;163.64;24.63;0.20;0.590227;-0.177523;0.787475
400.26;181.18;37.00;0.15;0.966856;0.113673;0.228622
409.12;159.48;21.57;0.19;0.900571;-0.164651;0.402322
394.50;187.39;40.89;0.23;0.091730;0.627550;0.773153
400.27;180.17;37.36;0.10;0.977171;0.020087;0.211504
394.44;186.94;41.34;0.17;0.113196;0.607141;0.786490
407.18;165.87;28.11;0.22;0.474155;-0.185797;0.860614
409.20;157.32;20.73;0.18;0.831636;-0.162162;0.531117
400.30;179.85;37.35;0.17;0.984925;-0.031249;0.170134
402.33;176.68;35.24;0.24;0.747799;0.597920;0.288596
409.11;158.85;21.67;0.16;0.981664;-0.010382;0.190334
394.87;187.68;40.73;0.13;0.032285;0.633061;0.773429
400.35;180.26;37.03;0.20;0.980491;-0.001149;0.196558
408.69;161.52;24.00;0.16;0.728147;-0.227057;0.646720
408.70;160.45;23.16;0.15;0.861851;-0.080402;0.500748
405.45;170.83;31.49;0.13;0.440002;0.120258;0.889908
409.01;157.25;21.10;0.09;0.923807;-0.119422;0.363757
408.63;160.97;23.82;0.08;0.862276;-0.217444;0.457381
399.34;182.93;37.71;0.19;0.750588;0.310200;0.583433
400.36;181.68;36.57;0.16;0.964897;0.063992;0.254713
391.67;191.92;41.33;0.23;0.814787;0.106403;0.569913
391.58;192.17;41.52;0.18;0.792524;0.164543;0.587223
391.19;192.95;41.55;0.11;0.298704;0.583032;0.755546
391.91;192.48;40.94;0.18;0.739725;0.117111;0.662640
392.21;193.87;40.02;0.12;0.563958;0.437525;0.700373
408.82;174.87;24.35;0.21;0.471890;0.166117;0.865867
408.48;175.97;24.64;0.18;0.698017;0.206762;0.685581
405.64;182.09;28.58;0.19;0.390235;0.258661;0.883635
405.40;182.71;28.50;0.17;0.503885;0.107668;0.857034
405.26;183.33;28.50;0.23;0.475427;0.426414;0.769506
408.91;177.17;23.81;0.11;0.203399;0.334257;0.920273
408.69;177.61;24.13;0.14;0.461197;0.304859;0.833282
404.29;186.47;28.70;0.19;0.887447;0.099540;0.450032
410.00;176.90;21.28;0.19;0.864905;0.107220;0.490351
403.59;187.91;28.91;0.13;0.182829;0.434402;0.881968
403.53;188.37;28.50;0.22;0.045119;0.474432;0.879135
409.38;180.47;21.25;0.10;0.956952;0.080923;0.278736
407.89;185.22;22.27;0.19;0.660225;0.319568;0.679691
408.39;184.41;21.35;0.16;0.970071;0.070799;0.232271
403.54;192.58;25.81;0.21;-0.427218;0.482871;0.764409
408.47;185.06;20.36;0.18;0.018519;0.290129;0.956808
404.30;192.59;24.22;0.10;0.200976;0.506218;0.838660
403.40;193.71;24.91;0.16;-0.415178;0.473791;0.776627
406.83;189.21;21.37;0.13;0.940731;0.122470;0.316269
406.89;189.65;21.15;0.19;0.948578;0.137805;0.284975
408.58;184.85;20.85;0.20;0.737692;0.282012;0.613416
407.12;189.61;20.57;0.15;0.765576;0.385226;0.515261
407.58;187.52;21.37;0.10;0.534251;0.438317;0.722810
403.95;186.75;28.91;0.16;0.615458;0.336148;0.712893
403.82;187.99;28.67;0.10;0.289900;0.365004;0.884721
403.66;188.94;28.36;0.21;0.117321;0.442428;0.889097
403.78;186.28;29.53;0.15;0.337288;0.470302;0.815508
404.00;186.38;29.30;0.18;0.616662;0.391820;0.682792
403.95;187.05;28.87;0.22;0.497409;0.290286;0.817508
403.98;188.20;28.41;0.06;0.432491;0.347566;0.831955
405.38;184.95;27.76;0.12;0.406006;0.428473;0.807199
405.56;183.73;28.19;0.13;0.400805;0.397637;0.825373
407.47;188.32;20.96;0.19;0.589778;0.404750;0.698813
407.41;184.86;23.09;0.23;0.530255;0.368098;0.763762
408.57;184.15;21.28;0.17;0.758419;0.260165;0.597590
408.85;180.25;22.87;0.19;0.283606;0.398868;0.872050
391.40;181.74;45.80;0.10;0.217473;0.451444;0.865392
390.78;181.28;46.34;0.13;0.423154;0.419936;0.802866
393.42;192.91;39.36;0.10;0.732785;0.192838;0.652564
393.65;193.22;39.06;0.12;0.717886;0.123876;0.685051
393.75;185.51;42.55;0.15;0.193810;0.566168;0.801181
400.25;183.44;36.23;0.13;0.911412;0.190295;0.364851
400.37;182.84;36.15;0.16;0.960356;0.129354;0.246949
400.36;181.16;36.71;0.21;0.974589;0.116350;0.191415
399.96;177.61;38.12;0.24;0.970566;-0.234953;0.052895
405.40;180.25;29.67;0.15;0.453671;0.255094;0.853879
395.86;168.21;43.52;0.13;0.601421;0.390512;0.696989
396.26;168.35;42.93;0.13;0.690948;0.405953;0.598159
394.86;164.78;44.09;0.18;0.677710;0.387498;0.624944
395.46;165.16;43.31;0.24;0.694934;0.262389;0.669491
395.87;164.34;43.18;0.14;0.785839;0.255672;0.563106
409.93;169.42;22.37;0.05;0.799600;0.091424;0.593533
392.32;151.74;42.67;0.15;0.985586;0.168990;0.007939
392.30;151.44;42.63;0.08;0.979755;0.200115;-0.005784
409.81;168.66;22.68;0.09;0.748805;0.012503;0.662672
409.51;168.21;23.01;0.18;0.764670;-0.058601;0.641751
409.52;167.91;23.04;0.14;0.783795;-0.052632;0.618785
409.62;168.01;22.77;0.21;0.719757;-0.067793;0.690909
408.78;166.57;24.88;0.17;0.593759;-0.135419;0.793166
409.95;168.17;22.36;0.14;0.785979;-0.035151;0.617253
408.52;166.21;25.05;0.17;0.574226;-0.112507;0.810930
409.97;167.79;22.38;0.18;0.763511;-0.052804;0.643633
409.11;166.18;24.30;0.15;0.921764;-0.087980;0.377639
392.56;150.87;41.94;0.20;0.982925;0.107867;0.149075
404.82;160.09;30.75;0.12;0.546316;-0.286618;0.787012
408.83;163.75;24.38;0.17;0.680038;-0.156000;0.716388
409.15;163.04;22.77;0.22;0.880454;-0.105994;0.462132
408.71;161.98;24.12;0.13;0.735083;-0.172691;0.655615
409.49;162.23;21.97;0.15;0.811270;-0.213169;0.544425
409.01;160.78;22.89;0.21;0.857119;-0.017659;0.514815
406.74;157.63;26.06;0.22;0.432948;-0.294281;0.852030
409.02;159.68;22.49;0.14;0.908265;-0.009122;0.418297
408.60;159.61;23.01;0.24;0.840197;-0.111351;0.530727
407.10;157.95;25.96;0.18;0.654436;-0.272284;0.705390
409.48;160.70;21.54;0.16;0.699022;-0.220497;0.680257
409.27;161.94;22.27;0.18;0.889841;-0.157200;0.428335
407.45;159.88;26.15;0.09;0.878577;-0.202294;0.432644
408.73;161.31;23.77;0.16;0.931228;-0.212090;0.296364
408.72;161.61;23.36;0.24;0.985574;-0.089165;0.143853
408.79;161.68;23.70;0.16;0.984475;-0.124114;0.124114
408.32;161.45;24.23;0.22;0.623475;-0.208856;0.753430
409.27;162.54;22.38;0.18;0.843690;-0.105281;0.526405
408.52;161.73;24.16;0.15;0.664375;-0.210048;0.717276
409.54;163.34;22.17;0.24;0.737809;-0.159076;0.655998
407.28;160.93;26.77;0.14;0.721047;-0.193000;0.665464
392.88;149.80;41.23;0.16;0.945907;0.003729;0.324417
407.58;161.44;26.19;0.15;0.975605;-0.054673;0.212616
408.90;162.63;23.80;0.05;0.992140;-0.046277;0.116258
407.57;161.12;26.24;0.10;0.961873;-0.074968;0.263022
409.60;162.82;21.96;0.15;0.714917;-0.104658;0.691332
407.51;160.20;26.19;0.09;0.897178;-0.184074;0.401483
393.04;149.01;40.67;0.15;0.928924;-0.019326;0.369766
408.92;160.46;22.89;0.14;0.776144;-0.067428;0.626940
406.88;158.20;26.21;0.23;0.494481;-0.282338;0.822055
408.82;159.55;22.81;0.15;0.774356;-0.094789;0.625610
394.65;146.83;37.95;0.07;-0.600184;0.383131;-0.702133
407.89;155.16;22.40;0.09;0.817446;-0.239516;0.523845
407.24;154.30;22.95;0.20;0.782107;-0.245091;0.572921
407.93;154.85;22.19;0.09;0.829338;-0.224517;0.511654
407.68;154.71;22.60;0.12;0.844448;-0.193488;0.499469
408.08;155.08;21.99;0.17;0.734812;-0.240741;0.634110
407.68;155.01;22.72;0.17;0.831841;-0.191731;0.520844
408.27;155.82;22.11;0.18;0.646502;-0.254491;0.719214
407.96;155.79;22.59;0.22;0.821613;-0.201986;0.533061
408.03;156.22;22.55;0.15;0.822942;-0.202313;0.530882
409.02;157.89;21.35;0.16;0.967739;-0.045613;0.247791
406.38;156.16;25.86;0.23;0.788579;-0.164350;0.592565
408.27;157.96;22.96;0.19;0.778447;-0.252173;0.574829
408.57;158.85;22.85;0.08;0.694479;-0.209742;0.688264
409.55;161.71;21.67;0.23;0.686624;-0.210191;0.695965
392.58;150.21;41.94;0.10;0.959463;0.091439;0.266589
409.33;163.73;22.59;0.23;0.836698;-0.130413;0.531911
392.53;150.52;42.10;0.17;0.986792;0.059558;0.150646
392.52;150.83;42.34;0.23;0.993411;0.059627;0.097879
407.38;162.12;27.08;0.14;0.743004;-0.202356;0.637964
408.67;164.25;24.64;0.09;0.605367;-0.125810;0.785941
409.86;166.81;22.50;0.06;0.714733;-0.049931;0.697613
409.89;167.11;22.47;0.16;0.739499;-0.055784;0.670842
406.89;164.95;28.13;0.20;0.522133;-0.246348;0.816511
408.45;167.42;25.22;0.22;0.630753;-0.076499;0.772204
391.57;154.37;44.55;0.17;0.977450;0.206975;0.041874
404.98;164.51;31.79;0.16;0.375419;-0.099657;0.921482
409.54;169.53;22.96;0.20;0.782449;0.064370;0.619379
405.05;166.05;31.94;0.13;0.370438;-0.129029;0.919852
405.08;166.71;31.96;0.10;0.377777;0.006403;0.925874
409.32;171.87;23.28;0.24;0.851975;-0.004038;0.523567
405.30;167.80;31.79;0.19;0.369313;0.070663;0.926615
405.22;168.40;31.72;0.10;0.346132;0.086867;0.934156
405.23;169.28;31.65;0.14;0.334616;0.103476;0.936656
409.50;174.18;22.77;0.19;0.858918;0.054116;0.509246
410.12;174.87;21.51;0.14;0.838431;0.096355;0.536423
409.95;174.95;21.85;0.16;0.854880;0.045723;0.516807
409.97;175.26;21.77;0.05;0.876621;0.048015;0.478780
405.46;170.24;31.48;0.11;0.474921;0.153436;0.866549
408.91;174.13;24.47;0.13;0.417520;0.101259;0.903008
409.49;174.93;22.88;0.07;0.924606;0.006412;0.380871
409.58;175.38;22.47;0.09;0.887539;0.084992;0.452826
409.57;175.94;22.39;0.13;0.883090;0.096873;0.459094
410.06;176.54;21.26;0.17;0.858729;0.125986;0.496702
396.27;164.01;42.74;0.15;0.646023;0.095219;0.757356
405.54;171.70;31.28;0.16;0.406315;0.046626;0.912543
396.06;164.15;42.91;0.11;0.740739;0.185568;0.645655
395.42;164.30;43.49;0.06;0.678049;0.283723;0.678049
409.72;178.79;21.22;0.19;0.829357;0.214568;0.515875
391.77;163.76;46.48;0.17;0.522877;0.108033;0.845534
395.80;166.45;43.19;0.19;0.034673;-0.342878;0.938740
405.60;174.66;30.74;0.09;0.519436;0.117199;0.846434
391.79;164.11;46.42;0.24;0.371987;-0.267412;0.888885
393.79;165.38;44.96;0.16;-0.060942;0.035282;0.997518
393.80;165.73;44.90;0.23;0.615271;0.684551;0.390936
408.82;182.49;21.78;0.10;0.270452;0.247796;0.930297
408.52;183.32;21.57;0.10;0.388922;0.736819;0.553025
405.27;179.25;30.01;0.22;0.454818;0.296486;0.839784
408.10;183.59;22.78;0.18;0.834698;0.181326;0.520000
405.23;180.81;29.72;0.12;0.427134;0.300690;0.852726
405.49;180.96;29.58;0.17;0.422695;0.279253;0.862175
405.58;181.09;29.32;0.25;0.423810;0.279990;0.861389
405.53;181.40;29.20;0.05;0.413667;0.299870;0.859627
405.24;181.92;29.07;0.20;0.366529;0.338924;0.866480
405.20;182.21;29.01;0.22;0.424249;0.336581;0.840670
399.31;176.50;39.24;0.15;0.909507;-0.393793;0.133133
405.49;182.68;28.79;0.24;0.454705;0.220600;0.862890
405.54;183.41;28.39;0.08;0.420852;0.436977;0.794943
405.25;183.91;28.30;0.15;0.468360;0.403535;0.786002
395.42;174.85;43.67;0.20;0.118797;0.403911;0.907052
395.30;175.17;43.48;0.18;0.130231;0.456522;0.880129
406.89;187.73;22.18;0.20;0.950627;0.140388;0.276765
407.28;189.04;20.73;0.13;0.694796;0.387832;0.605677
404.80;185.73;27.85;0.25;0.851858;0.255405;0.457281
400.16;180.73;37.47;0.19;0.956563;0.099939;0.273860
400.28;180.89;37.17;0.21;0.954096;0.075967;0.289705
404.44;185.57;28.79;0.21;0.902988;0.081090;0.421944
406.28;188.37;23.17;0.22;0.840438;0.263697;0.473421
406.15;188.66;23.08;0.19;0.700282;0.318604;0.638825
406.44;188.91;22.69;0.14;0.812834;0.290859;0.504680
406.03;189.37;22.77;0.19;0.631326;0.347474;0.693317
406.27;189.55;22.50;0.11;0.662073;0.344932;0.665343
405.13;188.02;26.24;0.21;0.323896;0.413781;0.850809
406.02;189.74;22.57;0.19;0.746410;0.303379;0.592312
405.92;190.32;22.54;0.14;0.795811;0.333316;0.505555
406.01;190.46;22.27;0.24;0.535803;0.423696;0.730340
399.87;182.89;37.12;0.17;0.784965;0.304114;0.539763
405.76;191.42;21.78;0.13;0.570656;0.499955;0.651457
400.04;184.14;36.22;0.14;0.835007;0.240543;0.494876
405.56;191.89;21.79;0.13;0.881164;0.297752;0.367278
404.68;190.56;25.14;0.13;0.389695;0.396006;0.831455
399.35;184.31;37.20;0.24;0.864149;0.211170;0.456786
399.75;184.84;36.19;0.17;0.880922;0.265627;0.391688
404.42;191.07;24.91;0.15;0.328870;0.487745;0.808671
405.40;192.60;21.83;0.15;0.960878;0.246413;0.126466
390.88;179.65;46.86;0.07;0.496145;0.241160;0.834076
399.39;186.74;36.08;0.18;0.924386;0.193345;0.328828
391.18;180.87;46.33;0.09;0.341324;0.353569;0.870912
399.48;188.03;35.17;0.06;0.981628;0.123468;0.145472
392.10;182.27;45.21;0.24;0.232545;0.478768;0.846584
392.10;182.56;45.01;0.17;0.304767;0.467309;0.829903
392.22;182.83;44.91;0.19;0.284848;0.474747;0.832753
392.97;183.38;44.15;0.12;0.407654;0.509158;0.758008
391.91;182.91;44.94;0.16;0.349763;0.444721;0.824554
393.00;183.66;43.95;0.21;0.396869;0.474623;0.785639
399.39;189.83;34.04;0.20;0.949754;0.197016;0.243213
399.30;189.84;34.38;0.17;0.950175;0.210697;0.229728
392.93;184.30;43.55;0.20;0.327684;0.516302;0.791237
394.43;187.16;41.11;0.18;0.104235;0.635686;0.764878
393.85;192.62;38.87;0.23;0.811390;0.075844;0.579564
392.41;194.85;39.20;0.24;0.419988;0.605912;0.675633
392.68;195.09;38.83;0.10;0.395867;0.641007;0.657570
389.93;189.85;43.98;0.15;0.682438;0.206752;0.701093
388.68;188.31;45.74;0.13;0.387172;0.461072;0.798442
389.56;189.02;44.58;0.25;0.732538;0.226478;0.641947
389.75;189.19;44.30;0.20;0.793542;0.088494;0.602047
394.53;187.80;40.64;0.21;0.116751;0.616269;0.778834
393.85;186.14;42.16;0.22;0.177628;0.593612;0.784903
399.51;188.82;34.72;0.08;0.973319;0.170869;0.153149
390.90;181.58;46.08;0.19;0.411435;0.414637;0.811663
391.24;181.49;45.82;0.21;0.286049;0.456133;0.842686
404.17;192.11;24.57;0.19;0.325303;0.543239;0.773996
404.37;190.57;25.44;0.19;0.592714;0.401196;0.698378
404.32;190.11;25.77;0.23;0.593854;0.408585;0.693106
399.92;184.64;36.03;0.21;0.845465;0.275662;0.457383
404.62;188.20;26.88;0.15;0.965542;0.194151;-0.173302
406.83;189.58;20.84;0.15;0.869958;0.313430;0.380702
405.35;187.27;26.53;0.16;0.216650;0.440771;0.871082
404.20;185.77;29.42;0.15;0.858004;0.141301;0.493826
406.88;188.76;21.66;0.16;0.928617;0.189657;0.318905
404.02;185.33;29.61;0.22;0.792843;0.138338;0.593517
404.18;185.46;29.36;0.16;0.887402;0.093631;0.451387
404.60;185.55;28.47;0.22;0.918611;0.088459;0.385136
407.21;187.68;21.58;0.15;0.660710;0.374018;0.650824
406.87;186.93;22.81;0.22;0.906933;0.172817;0.384197
407.29;187.37;21.68;0.14;0.602392;0.375879;0.704158
407.56;187.21;21.55;0.14;0.519505;0.411343;0.748940
404.93;183.06;29.16;0.21;0.578186;0.138230;0.804110
394.83;174.91;43.89;0.22;0.162925;0.332813;0.928812
400.17;178.64;37.93;0.09;0.991772;-0.124392;0.030257
400.14;178.34;37.75;0.21;0.973127;-0.225317;-0.047499
408.09;183.82;22.58;0.05;0.851229;0.189993;0.489195
408.42;181.07;22.92;0.22;0.843212;0.206655;0.496273
408.77;180.47;22.46;0.23;0.181618;0.370386;0.910950
409.47;180.16;21.40;0.18;0.935357;0.132066;0.328124
409.49;178.82;21.82;0.14;0.982314;0.048466;0.180859
408.93;176.55;23.97;0.06;0.348468;0.257308;0.901312
409.52;177.18;22.14;0.21;0.906961;0.124760;0.402315
394.36;164.64;44.57;0.16;0.738360;0.624523;0.254552
394.61;164.79;44.40;0.09;0.737979;0.470523;0.483731
395.30;164.97;43.58;0.12;0.648389;0.269233;0.712113
395.19;164.57;43.87;0.17;0.713265;0.315389;0.625926
409.70;173.99;22.60;0.15;0.852031;0.048648;0.521226
409.64;169.79;22.80;0.23;0.807711;0.106624;0.579857
391.39;155.27;45.01;0.08;0.974304;0.223552;-0.027496
393.19;153.07;42.42;0.14;-0.290556;-0.563646;0.773227
409.44;160.10;21.36;0.19;0.683750;-0.237348;0.690037
409.33;158.55;20.97;0.10;0.704088;-0.227378;0.672725
409.29;168.66;23.41;0.22;0.867195;-0.017533;0.497660
405.04;167.71;31.91;0.15;0.462838;0.085297;0.882329
405.19;168.09;31.77;0.13;0.391352;0.079895;0.916766
410.00;171.75;22.20;0.15;0.807333;0.034980;0.589059
409.49;173.36;22.80;0.24;0.845622;0.045822;0.531812
409.74;173.71;22.48;0.13;0.852902;0.045765;0.520062
394.12;164.98;44.61;0.18;0.542776;0.505807;0.670488
395.24;165.57;43.56;0.24;0.631806;0.189081;0.751711
393.78;164.99;44.89;0.19;0.005807;-0.203255;0.979109
396.72;167.41;42.59;0.04;0.677938;0.402785;0.614951
397.05;167.57;42.36;0.17;0.642171;0.428670;0.635499
405.65;172.83;31.09;0.17;0.469950;0.137370;0.871938
397.00;168.21;42.43;0.09;0.556351;0.304479;0.773153
409.73;175.95;22.10;0.10;0.839736;0.129977;0.527208
396.21;168.05;42.95;0.12;0.685508;0.458673;0.565419
396.70;168.30;42.71;0.14;0.549404;0.410816;0.727589
405.34;173.31;31.15;0.24;0.465519;0.134035;0.874830
393.37;166.21;45.54;0.12;0.960028;0.246864;-0.131922
396.51;167.77;42.82;0.06;0.579694;0.532372;0.616875
408.88;175.16;24.31;0.12;0.438191;0.193276;0.877857
394.13;165.30;44.68;0.16;0.724477;0.485748;0.489063
409.64;175.66;22.57;0.16;0.895889;0.084466;0.436175
408.70;175.08;24.54;0.23;0.567913;0.167211;0.805925
405.55;178.23;29.87;0.24;0.528030;0.208473;0.823240
408.85;181.09;22.19;0.22;0.176563;0.391884;0.902913
405.77;178.64;29.82;0.06;0.529825;0.267257;0.804897
393.66;172.20;45.18;0.24;-0.214866;0.582766;0.783720
408.48;183.07;21.74;0.13;0.788705;0.458323;0.409738
408.29;183.13;22.33;0.10;0.960441;0.067244;0.270243
408.37;183.23;21.99;0.13;0.955095;0.174989;0.239108
394.58;173.64;44.50;0.16;0.020740;0.587634;0.808861
396.15;175.57;42.90;0.15;0.229075;0.477873;0.848034
395.82;175.57;43.06;0.09;0.160826;0.494282;0.854296
395.41;175.98;43.39;0.16;0.359114;0.272688;0.892569
405.15;184.79;28.15;0.25;0.656222;0.279413;0.700928
403.68;184.67;30.52;0.23;0.551078;0.216440;0.805895
403.73;186.05;29.75;0.21;0.324458;0.443583;0.835441
400.33;183.88;35.85;0.19;0.909359;0.200318;0.364608
402.16;185.33;32.92;0.09;0.966512;0.146206;0.210899
407.04;189.82;20.25;0.19;0.730546;0.303458;0.611732
406.88;189.80;20.56;0.19;0.823792;0.329202;0.461512
404.71;187.70;27.24;0.13;0.995375;0.090687;0.031686
403.91;187.35;28.99;0.21;0.341863;0.357193;0.869220
390.98;178.42;46.95;0.14;0.284786;0.276112;0.917965
406.38;189.65;22.19;0.15;0.726088;0.304281;0.616611
390.78;178.21;47.12;0.24;0.352320;0.292351;0.889045
402.20;185.77;32.65;0.21;-0.348190;0.629358;0.694746
400.34;184.27;35.73;0.10;0.894374;0.212249;0.393759
406.43;189.20;22.60;0.15;0.768411;0.274093;0.578289
404.75;186.80;27.82;0.12;0.986287;0.054989;0.155606
406.79;188.81;21.95;0.19;0.972103;0.135613;0.191379
404.43;186.48;28.44;0.13;0.884171;0.091079;0.458199
406.88;188.52;21.87;0.07;0.945909;0.195753;0.258722
406.46;188.00;23.50;0.10;0.943998;0.130624;0.302995
407.19;188.72;21.25;0.07;0.758649;0.323755;0.565363
402.11;184.24;33.17;0.21;0.275881;-0.244756;0.929507
404.43;186.14;28.44;0.18;0.902236;0.104265;0.418448
400.31;182.83;36.45;0.09;0.952846;0.142594;0.267863
404.68;186.17;28.24;0.14;0.946587;0.074217;0.313793
403.62;185.26;30.23;0.21;0.280031;0.288736;0.915540
406.77;187.97;22.74;0.14;0.908864;0.151242;0.388705
406.82;188.06;22.37;0.13;0.938255;0.160726;0.306341
402.61;184.13;32.74;0.13;0.336312;0.885271;0.321231
402.53;184.08;33.03;0.19;0.498092;0.808015;0.314667
400.17;182.44;36.85;0.20;0.935812;0.103382;0.337000
406.43;187.71;23.62;0.15;0.975605;0.054673;0.212616
404.44;185.98;28.70;0.22;0.897725;0.107839;0.427155
400.29;183.58;35.95;0.24;0.927547;0.177675;0.328768
405.02;187.34;26.55;0.25;0.394460;0.403965;0.825356
399.81;183.51;36.93;0.14;0.820839;0.289248;0.492503
404.00;186.71;29.21;0.23;0.530617;0.405766;0.744178
391.08;178.77;46.84;0.13;0.277461;0.271710;0.921515
404.85;188.39;26.27;0.13;0.498727;0.394758;0.771646
404.94;188.58;26.04;0.19;0.390606;0.422492;0.817880
390.95;179.10;46.81;0.15;0.360738;0.300363;0.882978
406.28;189.90;22.39;0.19;0.667499;0.280126;0.689909
390.94;179.45;46.62;0.19;0.389457;0.289441;0.874384
391.64;179.82;46.17;0.14;0.227696;0.377535;0.897564
399.46;184.74;36.76;0.16;0.852777;0.231749;0.468043
391.59;180.14;46.12;0.15;0.287667;0.273212;0.917934
404.78;189.22;25.65;0.20;0.394626;0.462276;0.794085
390.96;180.04;46.47;0.23;0.402436;0.266783;0.875712
390.97;180.43;46.62;0.09;0.475127;0.245966;0.844840
404.63;190.39;25.46;0.11;0.530932;0.371814;0.761489
391.32;181.95;45.60;0.20;0.250635;0.442029;0.861274
391.16;182.21;45.69;0.24;0.339124;0.446382;0.828093
391.82;183.14;45.19;0.08;0.213938;0.505259;0.836029
393.02;184.59;43.44;0.18;0.302858;0.521676;0.797578
387.82;186.76;46.92;0.16;0.242608;0.366118;0.898387
388.88;187.81;45.83;0.24;0.599624;0.250237;0.760153
388.39;187.80;46.09;0.21;0.339930;0.453767;0.823737
395.07;194.70;36.29;0.22;0.958429;-0.008568;0.285203
395.02;194.51;36.65;0.19;0.924241;-0.054367;0.377918
390.07;190.40;43.80;0.13;0.536927;0.346665;0.769112
404.85;189.77;25.44;0.24;0.351679;0.436839;0.827945
406.64;187.58;23.06;0.17;0.897461;0.104681;0.428492
404.25;184.44;29.72;0.17;0.863546;0.119258;0.489965
405.17;184.41;28.12;0.15;0.538988;0.351232;0.765590
395.26;176.67;43.25;0.21;0.466213;0.238422;0.851939
396.19;176.50;42.77;0.19;0.174569;0.263883;0.948626
396.01;176.12;42.75;0.13;0.210639;0.257447;0.943055
396.26;176.25;42.58;0.12;0.465557;0.245753;0.850213
395.61;175.56;43.28;0.07;0.170603;0.444735;0.879264
408.51;184.69;21.13;0.10;0.925754;0.157309;0.343851
395.07;169.55;44.18;0.07;0.598995;-0.135257;0.789247
408.61;178.55;23.71;0.19;0.610852;0.229655;0.757706
395.72;168.45;43.34;0.21;0.685729;0.445474;0.575612
395.86;168.24;43.18;0.23;0.725658;0.421510;0.543830
408.83;176.68;24.23;0.17;0.281802;0.305163;0.909650
396.92;168.51;42.38;0.16;0.359475;0.196208;0.912294
396.48;168.05;42.69;0.24;0.566827;0.496184;0.657654
396.69;168.09;42.44;0.19;0.549082;0.373115;0.747860
408.76;176.38;24.39;0.14;0.452062;0.210366;0.866825
395.28;167.84;43.79;0.23;0.202425;-0.213149;0.955820
396.66;168.65;42.57;0.18;0.524453;0.412658;0.744757
395.48;168.65;43.51;0.25;0.696602;0.358955;0.621206
395.89;169.06;43.15;0.25;0.715033;0.452909;0.532542
405.37;175.58;30.82;0.23;0.460432;0.142893;0.876119
408.86;178.74;23.30;0.17;0.371934;0.350327;0.859614
395.27;169.66;43.97;0.17;0.819844;-0.383655;0.425046
408.58;179.06;23.50;0.18;0.572459;0.269671;0.774318
408.06;180.89;23.71;0.24;0.903788;0.110014;0.413598
405.55;179.13;29.99;0.03;0.536976;0.307526;0.785547
408.17;181.35;23.38;0.18;0.922257;0.079435;0.378327
405.11;181.47;29.52;0.24;0.410792;0.327084;0.851038
407.77;183.63;23.38;0.06;0.635986;0.240261;0.733346
396.50;176.52;42.40;0.17;0.511436;0.129680;0.849480
396.73;176.66;42.19;0.17;0.518770;0.208421;0.829119
399.27;190.80;33.50;0.25;0.971272;0.230200;0.060320
388.56;188.02;45.73;0.23;0.461485;0.406430;0.788572
391.20;191.14;42.50;0.15;0.752965;0.101276;0.650221
389.74;190.66;43.62;0.25;0.217772;0.569915;0.792321
391.29;192.50;41.75;0.18;0.550405;0.380547;0.743128
389.76;190.38;44.10;0.18;0.357026;0.478703;0.802107
388.80;188.92;45.28;0.20;0.255306;0.556034;0.790978
389.06;188.16;45.60;0.15;0.560463;0.301788;0.771236
389.75;188.72;44.55;0.23;0.865246;0.062699;0.497412
392.18;183.83;44.42;0.14;0.334214;0.516513;0.788362
391.24;179.30;46.62;0.23;0.309849;0.306884;0.899897
395.80;178.95;42.56;0.15;0.744925;-0.058848;0.664548
399.78;184.06;36.65;0.20;0.858275;0.244570;0.451164
395.61;177.83;42.86;0.11;0.585640;0.091100;0.805436
404.45;185.85;28.97;0.08;0.921844;0.093678;0.376069
393.77;192.51;39.30;0.13;0.773771;0.058641;0.630745
391.75;191.47;41.71;0.11;0.831679;0.037488;0.553990
389.85;190.06;44.20;0.12;0.514619;0.381500;0.767870
